location,date,b3001,b3002,b3003,b3004,b3005,b3006,b3007,b3008,b3009,b3010,b3011,b3012,b3013
?,8/01/2016 11:43,-200,-200,-200,-200,,,,-200,-86,-200,-200,-200,-200
?,8/01/2016 11:43,-200,-200,,-200,-200,-200,,-200,-82,-200,-200,-200,-200
?,8/01/2016 11:43,-79,-200,,-200,-200,,,-200,-84,-200,-200,-200,-200
?,8/01/2016 11:43,-79,-200,,-200,-200,,-200,-200,-84,-200,-200,-200,-200
?,8/01/2016 11:43,-79,-200,,,-200,,,-200,-84,-200,-200,-200,-200
?,8/01/2016 11:43,-81,-200,-200,,,,,-200,-84,-200,-200,-200,-200
?,8/01/2016 11:43,-81,-200,,,-200,,,-200,-200,-200,-200,-200,-200
?,8/01/2016 11:44,-82,-200,-200,-200,,,,-200,-200,-200,-200,-200,-200
?,8/01/2016 11:44,-81,-200,-200,-200,,,-200,-200,-200,-200,-200,-200,-200
?,8/01/2016 11:44,-77,-200,,,-200,-200,,-200,-87,-200,-200,-200,-200
?,8/01/2016 11:44,-74,-200,,-200,-200,,-200,-200,-88,-200,-200,-200,-200
?,8/01/2016 11:44,-73,-200,-200,-200,,-200,-200,-200,-86,-200,-200,-200,-200
?,8/01/2016 11:44,-72,-200,,-200,-200,,,-200,-86,-200,-200,-200,-200
?,8/01/2016 11:44,-77,-200,-200,-200,,-200,,-200,-86,-200,-200,-200,-200
?,8/01/2016 11:44,-66,-200,-200,-200,,,-200,-200,-86,-200,-200,-200,-200
?,8/01/2016 11:44,-66,-200,-200,,,,,-200,-200,-200,-200,-200,-200
?,8/01/2016 11:44,-71,-200,,,-200,-200,-200,-200,-200,-200,-200,-200,-200
?,8/01/2016 11:44,-66,-200,-200,-200,,,,-200,-200,-200,-200,-200,-200
?,8/01/2016 11:44,-66,-200,-200,,,-200,-200,-80,-200,-200,-200,-200,-200
?,8/01/2016 11:44,-70,-200,,-200,-200,,,-79,-200,-200,-200,-200,-200
?,8/01/2016 11:44,-71,-200,-200,-200,,-200,-200,-79,-200,-200,-200,-200,-200
?,8/01/2016 11:44,-77,-200,-200,-200,,,,-79,-200,-200,-200,-200,-200
?,8/01/2016 11:44,-80,-200,,-200,,,,-77,-200,-200,-200,-200,-200
?,8/01/2016 11:44,-80,-200,-200,-200,,,-200,-79,-200,-200,-200,-200,-200
?,8/01/2016 11:44,-77,-200,-200,-200,,,-200,-74,-200,-200,-200,-200,-200
?,8/01/2016 11:44,-77,-200,,,,,,-74,-200,-200,-200,-200,-200
?,8/01/2016 11:44,-81,-200,-200,-200,,-200,-200,-77,-200,-200,-200,-200,-200
?,8/01/2016 11:44,-81,-200,-200,,,-200,-200,-77,-200,-200,-200,-200,-200
?,8/01/2016 11:44,-80,-200,-200,-200,,,,-71,-200,-200,-200,-200,-200
?,8/01/2016 11:44,-80,-200,,-200,,-200,,-75,-200,-200,-200,-200,-200
?,8/01/2016 11:44,-80,-200,,-200,,,,-70,-200,-77,-200,-200,-200
?,8/01/2016 11:44,-200,-200,-80,,,,-200,-63,-200,-82,-200,-200,-200
?,8/01/2016 11:44,-200,-200,-80,-200,,-200,,-62,-200,-82,-200,-200,-200
?,8/01/2016 11:44,-200,-200,-80,-200,,,,-66,-200,-82,-200,-200,-200
?,8/01/2016 11:44,-200,-200,-200,-200,,-200,,-68,-200,-82,-200,-200,-200
?,8/01/2016 11:44,-200,-200,,-200,,,,-64,-200,-200,-200,-200,-200
?,8/01/2016 11:44,-200,-200,-200,-200,,-200,,-64,-200,-84,-200,-200,-200
?,8/01/2016 11:44,-200,-200,-200,,,-200,,-70,-200,-78,-200,-200,-200
?,8/01/2016 11:44,-200,-200,-200,-200,,-200,,-73,-200,-78,-200,-200,-200
?,8/01/2016 11:44,-200,-200,-200,,,,,-77,-200,-81,-200,-200,-200
?,8/01/2016 11:44,-200,-200,-200,,,,,-73,-200,-81,-200,-200,-200
?,8/01/2016 11:44,-200,-200,,,-200,,,-76,-200,-81,-200,-200,-200
?,8/01/2016 11:44,-200,-200,,-200,-200,,,-80,-200,-81,-200,-200,-200
?,8/01/2016 11:44,-200,-200,,,-200,,-200,-76,-200,-200,-200,-200,-200
?,8/01/2016 11:44,-200,-200,-200,-200,,,-200,-81,-200,-200,-200,-200,-200
?,8/01/2016 11:44,-200,-200,,-200,-200,,-200,-77,-200,-200,-200,-200,-200
?,8/01/2016 11:44,-200,-200,,,-200,,,-77,-200,-200,-200,-200,-200
?,8/01/2016 11:44,-200,-200,,-200,-200,,,-77,-200,-200,-200,-200,-200
?,8/01/2016 11:44,-200,-200,-200,-200,,,-200,-77,-200,-81,-200,-200,-200
?,8/01/2016 11:44,-200,-200,-200,-200,,,-200,-200,-200,-80,-200,-200,-200
?,8/01/2016 11:44,-200,-200,-200,,,,,-200,-200,-80,-200,-200,-200
?,8/01/2016 11:44,-200,-200,-200,-200,,,,-200,-200,-84,-200,-200,-200
?,8/01/2016 11:44,-200,-200,-200,,,,,-200,-200,-72,-82,-200,-200
?,8/01/2016 11:44,-200,-200,-200,,,,-200,-200,-200,-72,-84,-200,-200
?,8/01/2016 11:44,-200,-200,-200,-200,,,-200,-200,-200,-80,-83,-200,-200
?,8/01/2016 11:44,-200,-200,-200,-200,,-200,,-200,-200,-78,-83,-200,-200
?,8/01/2016 11:44,-200,-200,-200,,,,-200,-200,-200,-72,-83,-200,-200
?,8/01/2016 11:44,-200,-200,-200,,,-200,-200,-200,-200,-72,-83,-200,-200
?,8/01/2016 11:44,-200,-200,-200,-200,,,-200,-200,-200,-72,-200,-200,-200
?,8/01/2016 11:44,-200,-200,-200,,,-200,-200,-77,-200,-75,-200,-200,-200
?,8/01/2016 11:44,-200,-200,-200,-200,,,,-77,-200,-75,-200,-200,-200
?,8/01/2016 11:44,,-200,-200,-200,,-200,-200,-77,-79,-75,-200,-200,-200
?,8/01/2016 11:44,-200,-200,,-200,-200,,,-77,-79,-75,-200,-200,-200
?,8/01/2016 11:44,-200,-200,-200,,,,,-77,-83,-200,-200,-200,-200
?,8/01/2016 11:44,-200,-200,-200,-200,-200,,,-200,-73,-200,-200,-200,-200
?,8/01/2016 11:45,-200,-200,-200,-200,,,,-200,-73,-200,-200,-200,-200
?,8/01/2016 11:45,-200,-200,-200,-200,,,-200,-200,-77,-200,-200,-200,-200
?,8/01/2016 11:45,-200,-200,-200,,,,,-200,-77,-200,-200,-200,-200
?,8/01/2016 11:45,-200,-200,-200,-200,,,,-200,-73,-200,-200,-200,-200
?,8/01/2016 11:45,-200,-200,-200,,,,-200,-200,-70,-200,-200,-200,-200
?,8/01/2016 11:45,-200,-200,,-200,-200,,,-200,-74,-200,-200,-200,-200
?,8/01/2016 11:45,-200,-200,-200,-200,-200,-200,-200,-200,-74,-200,-200,-200,-200
?,8/01/2016 11:45,-200,-200,-200,-200,,,,-200,-66,-200,-200,-200,-200
?,8/01/2016 11:45,-200,-200,-200,-200,,,,-200,-67,-200,-200,-200,-200
?,8/01/2016 11:45,-200,-200,-200,-200,,,,-200,-64,-200,-200,-200,-200
?,8/01/2016 11:45,-200,-200,,,-200,-200,,-200,-68,-200,-200,-200,-200
?,8/01/2016 11:45,-200,-200,-200,-200,-200,,,-200,-68,-200,-200,-200,-200
?,8/01/2016 11:45,-200,-200,-200,,,,-200,-200,-66,-80,-200,-200,-200
?,8/01/2016 11:45,-200,-200,,-200,-200,,-200,-200,-70,-80,-200,-200,-200
?,8/01/2016 11:45,-200,-200,-200,,,-200,-200,-200,-69,-75,-200,-200,-200
?,8/01/2016 11:45,-200,-200,,-200,-200,,,-200,-72,-75,-200,-200,-200
?,8/01/2016 11:45,-200,-200,-200,-200,,,-200,-200,-69,-75,-200,-200,-200
?,8/01/2016 11:45,-200,-200,-200,-200,,,,-200,-67,-75,-200,-200,-200
?,8/01/2016 11:45,-200,-200,-200,-200,-200,,-200,-200,-71,-200,-200,-200,-200
?,8/01/2016 11:45,-200,-200,,,-200,,-200,-200,-64,-200,-200,-200,-200
?,8/01/2016 11:45,-200,-200,-200,,,,,-200,-78,-200,-200,-200,-200
?,8/01/2016 11:45,-200,-200,-200,-200,-200,,,-200,-70,-200,-200,-200,-200
?,8/01/2016 11:45,-200,-200,-200,-200,,,-200,-200,-70,-200,-200,-200,-200
?,8/01/2016 11:45,-200,-200,-200,,,-200,,-200,-74,-200,-200,-200,-200
?,8/01/2016 11:45,-200,-200,-200,-200,-200,,,-200,-70,-200,-200,-200,-200
?,8/01/2016 11:45,-200,-200,-200,,,-200,,-200,-71,-200,-200,-200,-200
?,8/01/2016 11:45,-200,-200,-200,-200,,,-200,-200,-77,-200,-200,-200,-200
?,8/01/2016 11:45,-200,-200,,,-200,,,-200,-74,-200,-200,-200,-200
?,8/01/2016 11:45,-200,-200,-200,-200,,,-200,-200,-74,-200,-200,-200,-200
?,8/01/2016 11:45,-200,-200,-200,,,,,-200,-79,-200,-200,-200,-200
?,8/01/2016 11:45,-200,-200,-200,-200,,-200,,-200,-79,-200,-200,-200,-200
?,8/01/2016 11:45,-200,-200,-200,,,,-200,-200,-81,-200,-200,-200,-200
?,8/01/2016 11:45,-200,-200,-200,-200,,,,-200,-80,-200,-200,-200,-200
?,8/01/2016 11:45,-200,-200,-200,-200,,-200,,-200,-81,-200,-200,-200,-200
?,8/01/2016 11:45,-200,-200,,-200,-200,,-200,-200,-80,-200,-200,-200,-200
?,8/01/2016 11:45,-200,-200,-200,-200,-200,,,-200,-80,-200,-200,-200,-200
?,8/01/2016 11:45,-200,-200,-200,-200,,,,-200,-81,-200,-200,-200,-200
?,8/01/2016 11:45,-200,-200,-200,,,,,-200,-77,-200,-200,-200,-200
?,8/01/2016 11:45,-77,-200,-200,-200,,-200,-200,-200,-80,-200,-200,-200,-200
?,8/01/2016 11:45,-80,-200,-200,-200,,,-200,-200,-80,-200,-200,-200,-200
?,8/01/2016 11:45,-80,-200,,-200,-200,,-200,-200,-80,-200,-200,-200,-200
?,8/01/2016 11:45,-80,-200,,,-200,-200,-200,-200,-80,-200,-200,-200,-200
?,8/01/2016 11:45,-79,-200,,-200,-200,,,-200,-200,-200,-200,-200,-200
?,8/01/2016 11:45,-80,-200,,-200,-200,,,-200,-200,-200,-200,-200,-200
?,8/01/2016 11:45,-81,-200,-200,-200,,,-200,-200,-77,-200,-200,-200,-200
?,8/01/2016 11:45,-80,-200,-200,-200,-200,,,-200,-79,-200,-200,-200,-200
?,8/01/2016 11:45,-80,-200,-200,-200,,,-200,-200,-79,-200,-200,-200,-200
?,8/01/2016 11:45,-80,-200,-200,-200,-200,,-200,-200,-79,-200,-200,-200,-200
?,8/01/2016 11:45,-82,-200,-200,-200,,-200,,-200,-79,-200,-200,-200,-200
?,8/01/2016 11:45,-77,-200,,-200,-200,,-200,-200,-79,-200,-200,-200,-200
?,8/01/2016 11:45,-75,-200,,-200,-200,-200,-200,-200,-200,-200,-200,-200,-200
?,8/01/2016 11:45,-75,-200,-200,-200,,,,-200,-200,-200,-200,-200,-200
?,8/01/2016 11:45,-76,-200,-200,-200,,,,-200,-200,-200,-200,-200,-200
?,8/01/2016 11:45,-75,-200,-200,-200,,,,-200,-200,-200,-200,-200,-200
?,8/01/2016 11:45,-79,-200,-200,-200,,,,-200,-200,-200,-200,-200,-200
?,8/01/2016 11:45,-76,-200,-200,-200,-200,,,-200,-200,-200,-200,-200,-200
?,8/01/2016 11:45,-69,-200,-200,-200,-200,,,-200,-200,-200,-200,-200,-200
?,8/01/2016 11:45,-69,-200,,-200,-200,-200,-200,-200,-200,-200,-200,-200,-200
?,8/01/2016 11:46,-71,-200,,-200,-200,,,-200,-200,-200,-200,-200,-200
?,8/01/2016 11:46,-71,-200,,,-200,,,-200,-200,-200,-200,-200,-200
?,8/01/2016 11:46,-67,-200,-200,-200,,,-200,-200,-200,-200,-200,-200,-200
?,8/01/2016 11:46,-67,-200,-200,-200,-200,,-200,-200,-200,-200,-200,-200,-200
?,8/01/2016 11:46,-69,-200,-200,,,,,-200,-200,-200,-200,-200,-200
?,8/01/2016 11:46,-74,-200,-200,-200,,,-200,-200,-200,-200,-200,-200,-200
?,8/01/2016 11:46,-75,-200,-200,-200,,-200,,-200,-200,-200,-200,-200,-200
?,8/01/2016 11:46,-77,-200,-200,-200,,,,-200,-200,-200,-200,-200,-200
?,8/01/2016 11:46,-77,-200,-200,-200,,,,-200,-200,-200,-200,-200,-200
?,8/01/2016 11:46,-81,-200,-200,-200,,-200,-200,-86,-200,-200,-200,-200,-200
?,8/01/2016 11:46,-77,-80,-200,-200,,,,-80,-200,-200,-200,-200,-200
?,8/01/2016 11:46,-77,-80,-200,-200,,,-200,-81,-200,-200,-200,-200,-200
?,8/01/2016 11:46,-83,-80,-200,-200,,,-200,-79,-200,-200,-200,-200,-200
?,8/01/2016 11:46,-87,-80,-200,-200,-200,,,-79,-200,-200,-200,-200,-200
?,8/01/2016 11:46,-81,-80,-200,,,-78,-200,-76,-200,-200,-200,-200,-200
?,8/01/2016 11:46,-81,-200,-200,-200,,,-200,-76,-200,-200,-200,-200,-200
?,8/01/2016 11:46,-81,-80,,,,-200,,-77,-200,-200,-200,-200,-200
?,8/01/2016 11:46,-81,-80,-200,-200,,,-200,-78,-200,-200,-200,-200,-200
?,8/01/2016 11:46,-200,-80,-200,-200,,-78,,-78,-200,-200,-200,-200,-200
?,8/01/2016 11:46,-86,-80,-200,-200,,,-200,-78,-200,-200,-200,-200,-200
?,8/01/2016 11:46,-78,-80,,-200,,,,-77,-200,-200,-200,-200,-200
?,8/01/2016 11:46,-83,-200,-200,-200,,-78,,-81,-200,-200,-200,-200,-200
?,8/01/2016 11:46,-83,-200,-200,-200,,,,-73,-200,-200,-200,-200,-200
?,8/01/2016 11:46,-83,-200,-200,,,,-200,-73,-200,-200,-200,-200,-200
?,8/01/2016 11:46,-200,-200,-85,-200,,,-200,-77,-200,-77,-200,-200,-200
?,8/01/2016 11:46,-200,-200,-84,,,,,-79,-200,-77,-200,-200,-200
?,8/01/2016 11:46,-200,-200,-84,,-200,,-200,-79,-200,-77,-200,-200,-200
?,8/01/2016 11:46,-200,-200,-84,-200,-200,,,-79,-200,-77,-200,-200,-200
?,8/01/2016 11:46,-200,-200,-84,-200,-200,,,-81,-200,-200,-200,-200,-200
?,8/01/2016 11:46,-200,-200,-200,-200,-200,-200,,-80,-200,-200,-200,-200,-200
?,8/01/2016 11:46,-200,-200,,,-200,,,-80,-200,-200,-200,-200,-200
?,8/01/2016 11:46,-200,-200,-200,-200,,,-200,-80,-200,-200,-200,-200,-200
?,8/01/2016 11:46,-200,-200,-200,-200,,,,-80,-200,-200,-200,-200,-200
?,8/01/2016 11:46,-200,-200,-200,-200,,-73,-79,-80,-200,-200,-200,-200,-200
?,8/01/2016 11:46,-200,-200,,,-200,-70,,-80,-200,-200,-200,-200,-200
?,8/01/2016 11:46,-200,-200,,-200,-200,,-83,-80,-200,-200,-200,-200,-200
?,8/01/2016 11:46,-200,-200,-200,,,,,-80,-200,-200,-200,-200,-200
?,8/01/2016 11:46,-200,-200,-200,-200,,-59,-81,-200,-200,-200,-200,-200,-200
?,8/01/2016 11:46,-200,-200,-200,-200,,-60,,-200,-200,-200,-200,-200,-200
?,8/01/2016 11:46,-200,-200,-200,-200,-200,,-77,-200,-200,-200,-200,-200,-200
?,8/01/2016 11:46,-200,-200,-200,-200,,,,-200,-200,-200,-200,-200,-200
?,8/01/2016 11:46,-200,-200,-200,,,,-81,-200,-200,-200,-200,-200,-200
?,8/01/2016 11:46,-200,-79,-200,,,-64,,-200,-200,-200,-200,-200,-200
?,8/01/2016 11:46,-200,-86,-200,-200,-200,,,-200,-200,-200,-200,-200,-200
?,8/01/2016 11:46,-200,-81,-200,-200,,-64,-79,-200,-200,-200,-200,-200,-200
?,8/01/2016 11:46,-200,-81,-200,-200,,,,-200,-200,-200,-200,-200,-200
?,8/01/2016 11:46,-200,-81,-200,-200,,,,-200,-200,-200,-200,-200,-200
?,8/01/2016 11:46,-200,-81,-200,-200,,,-79,-200,-200,-200,-200,-200,-200
?,8/01/2016 11:46,-200,-200,-200,,,,,-200,-200,-200,-200,-200,-200
?,8/01/2016 11:46,-200,-200,,-200,,,,-200,-200,-200,-200,-200,-200
?,8/01/2016 11:46,-200,-200,-200,-200,,-74,,-200,-200,-200,-200,-200,-200
?,8/01/2016 11:46,-200,-200,-200,-200,,,,-200,-200,-200,-200,-200,-200
?,8/01/2016 11:46,-200,-200,,-200,,,-200,-200,-200,-200,-200,-200,-200
?,8/01/2016 11:46,-200,-200,-200,-200,,,,-200,-200,-200,-200,-200,-200
?,8/01/2016 11:46,-200,-200,-200,-200,,,,-200,-200,-200,-200,-200,-200
?,8/01/2016 11:46,-200,-200,,-200,-200,,,-200,-200,-200,-200,-200,-200
?,8/01/2016 11:46,-200,-200,-200,-200,,,-200,-200,-200,-200,-200,-200,-200
?,8/01/2016 11:46,-200,-200,-200,-200,,,-80,-200,-200,-200,-200,-200,-200
?,8/01/2016 11:47,-200,-200,-200,-200,-200,,,-200,-200,-200,-200,-200,-200
?,8/01/2016 11:47,-200,-200,-200,,,,,-200,-200,-200,-200,-200,-200
?,8/01/2016 11:47,-200,-200,-200,-200,,,-79,-200,-200,-200,-200,-200,-200
?,8/01/2016 11:47,-200,-200,-200,-200,,,,-200,-200,-200,-200,-200,-200
?,8/01/2016 11:47,-200,-200,-200,-200,,,,-200,-200,-200,-200,-200,-200
?,8/01/2016 11:47,-200,-200,,-200,,-77,-80,-200,-200,-200,-200,-200,-200
?,8/01/2016 11:47,-200,-200,-200,-79,,-200,,-200,-200,-200,-200,-200,-200
?,8/01/2016 11:47,-200,-200,-200,,,-200,,-200,-200,-200,-200,-200,-200
?,8/01/2016 11:47,-200,-200,-200,,,,,-85,-200,-200,-200,-200,-200
?,8/01/2016 11:47,-200,-200,-200,-79,,,,-89,-200,-200,-200,-200,-200
?,8/01/2016 11:47,-200,-200,,,-200,,-70,-83,-200,-200,-200,-200,-200
?,8/01/2016 11:47,-200,-200,-200,-200,,,,-83,-200,-200,-200,-200,-200
?,8/01/2016 11:47,-200,-200,-200,,,,,-83,-200,-200,-200,-200,-200
?,8/01/2016 11:47,-200,-200,,-80,-200,-79,,-83,-200,-200,-200,-200,-200
?,8/01/2016 11:47,-200,-200,-200,-80,,,-72,-200,-200,-200,-200,-200,-200
?,8/01/2016 11:47,-200,-200,,-80,-200,,,-200,-200,-200,-200,-200,-200
?,8/01/2016 11:47,-200,-200,,,-200,,,-200,-200,-200,-200,-200,-200
?,8/01/2016 11:47,-200,-200,-200,-80,,,,-200,-200,-200,-200,-200,-200
?,8/01/2016 11:47,-200,-200,-200,-79,,,,-200,-200,-200,-200,-200,-200
?,8/01/2016 11:47,-200,-200,-200,-78,-200,-81,,-200,-200,-200,-200,-200,-200
?,8/01/2016 11:47,,-200,-200,-79,,-77,-70,-200,-200,-200,-200,-200,-200
?,8/01/2016 11:47,-200,-200,,,-200,-77,,-200,-200,-200,-200,-200,-200
?,8/01/2016 11:47,-200,-200,-200,-79,,,-66,-200,-200,-200,-200,-200,-200
?,8/01/2016 11:47,-200,-200,-200,,,-81,,-200,-200,-200,-200,-200,-200
?,8/01/2016 11:47,-200,-200,-200,,,,,-200,-200,-200,-200,-200,-200
?,8/01/2016 11:47,-200,-200,-200,-200,,,-78,-200,-200,-200,-200,-200,-200
?,8/01/2016 11:47,-200,-200,-200,-200,,,,-200,-200,-200,-200,-200,-200
?,8/01/2016 11:47,-200,-200,-200,-200,,-81,,-200,-200,-200,-200,-200,-200
?,8/01/2016 11:47,-200,-200,-200,-200,-200,,-75,-200,-200,-200,-200,-200,-200
?,8/01/2016 11:47,-200,-200,-200,-200,-200,,,-200,-200,-200,-200,-200,-200
?,8/01/2016 11:47,-200,-200,-200,-200,,,-79,-200,-200,-200,-200,-200,-200
?,8/01/2016 11:47,-200,-77,-200,-200,,,-78,-200,-200,-200,-200,-200,-200
?,8/01/2016 11:47,-200,-78,-200,-200,,,-77,-200,-200,-200,-200,-200,-200
?,8/01/2016 11:47,-200,-80,-200,-200,,,-79,-200,-200,-200,-200,-200,-200
?,8/01/2016 11:47,-200,-80,-200,-200,,,,-200,-200,-200,-200,-200,-200
?,8/01/2016 11:47,-200,-80,-200,-200,,,,-200,-200,-200,-200,-200,-200
?,8/01/2016 11:47,-86,-80,-200,-200,,,-200,-78,-200,-200,-200,-200,-200
?,8/01/2016 11:47,-84,-200,,-200,-200,,,-82,-200,-200,-200,-200,-200
?,8/01/2016 11:47,-84,-200,,-200,-200,,,-82,-200,-200,-200,-200,-200
?,8/01/2016 11:47,-84,-200,-200,-200,-200,,,-82,-200,-200,-200,-200,-200
?,8/01/2016 11:47,-84,-200,-200,-200,,-68,,-82,-200,-200,-200,-200,-200
?,8/01/2016 11:47,-84,-200,-200,,,,-200,-200,-200,-200,-200,-200,-200
?,8/01/2016 11:47,,-200,-200,,,-68,,-200,-200,-200,-200,-200,-200
?,8/01/2016 11:47,-200,-200,-200,,,,,-200,-200,-200,-200,-200,-200
?,8/01/2016 11:47,-200,-200,-200,-200,,,,-200,-200,-200,-200,-200,-200
?,8/01/2016 11:47,-200,-200,,-200,,,-200,-78,-200,-200,-200,-200,-200
?,8/01/2016 11:47,-200,-200,-200,-200,,,,-82,-200,-200,-200,-200,-200
?,8/01/2016 11:47,-200,-200,-200,,,,-200,-80,-200,-200,-200,-200,-200
?,8/01/2016 11:47,-80,-77,,,,,,-82,-200,-200,-200,-200,-200
?,8/01/2016 11:47,-74,-77,-200,,,-200,,-70,-200,-200,-200,-200,-200
?,8/01/2016 11:47,-74,-78,,-200,,,,-78,-200,-200,-200,-200,-200
?,8/01/2016 11:47,-70,-78,-200,-200,,,,-77,-200,-200,-200,-200,-200
?,8/01/2016 11:47,-70,-78,,-200,,-200,-200,-77,-200,-200,-200,-200,-200
?,8/01/2016 11:47,-70,-78,,,,,,-80,-200,-200,-200,-200,-200
?,8/01/2016 11:47,-72,-200,-200,-200,,-200,-200,-77,-200,-200,-200,-200,-200
?,8/01/2016 11:47,-72,-200,,-200,,-200,-200,-81,-200,-200,-200,-200,-200
?,8/01/2016 11:47,-72,-200,-200,-200,,-200,,-78,-200,-200,-200,-200,-200
?,8/01/2016 11:48,-77,-200,,-200,-200,,,-78,-200,-200,-200,-200,-200
?,8/01/2016 11:48,-68,-200,-200,,,-200,,-78,-200,-200,-200,-200,-200
?,8/01/2016 11:48,-71,-200,-200,-200,-200,,-200,-78,-200,-200,-200,-200,-200
?,8/01/2016 11:48,-74,-200,-200,-200,,,,-200,-200,-200,-200,-200,-200
?,8/01/2016 11:48,-74,-200,-200,-200,,,-200,-200,-200,-200,-200,-200,-200
?,8/01/2016 11:48,-74,-200,-200,,,-200,,-200,-79,-200,-200,-200,-200
?,8/01/2016 11:48,-200,-200,-200,,,,-200,-200,-79,-200,-200,-200,-200
?,8/01/2016 11:48,-200,-200,-200,,,-200,,-200,-79,-200,-200,-200,-200
?,8/01/2016 11:48,-200,-200,,,-200,,,-200,-75,-200,-200,-200,-200
?,8/01/2016 11:48,-200,-200,-200,-200,,,-200,-200,-73,-200,-200,-200,-200
?,8/01/2016 11:48,-200,-200,,-200,-200,,-200,-200,-71,-200,-200,-200,-200
?,8/01/2016 11:48,-200,-200,-200,-200,,,-200,-200,-76,-200,-200,-200,-200
?,8/01/2016 11:48,-200,-200,,-200,-200,,-200,-200,-67,-200,-200,-200,-200
?,8/01/2016 11:48,-200,-200,-200,-200,,,,-200,-70,-200,-200,-200,-200
?,8/01/2016 11:48,-200,-200,-200,-200,-200,,,-200,-69,-200,-200,-200,-200
?,8/01/2016 11:48,-200,-200,-200,-200,,,,-200,-67,-200,-200,-200,-200
?,8/01/2016 11:48,-200,-200,-200,-200,,-200,-200,-200,-64,-200,-200,-200,-200
?,8/01/2016 11:48,-200,-200,,,-200,,,-200,-70,-200,-200,-200,-200
?,8/01/2016 11:48,-200,-200,,,-200,-200,,-200,-68,-200,-200,-200,-200
?,8/01/2016 11:48,-200,-200,-200,-200,,,,-200,-61,-200,-200,-200,-200
?,8/01/2016 11:48,-200,-200,-200,,,,,-200,-66,-200,-200,-200,-200
?,8/01/2016 11:48,-200,-200,-200,-200,-200,,-200,-200,-66,-200,-200,-200,-200
?,8/01/2016 11:48,-200,-200,-200,-200,-200,,-200,-200,-66,-200,-200,-200,-200
?,8/01/2016 11:48,-200,-200,-200,,,-200,,-200,-66,-200,-200,-200,-200
?,8/01/2016 11:48,-200,-200,-200,-200,,,-200,-200,-70,-200,-200,-200,-200
?,8/01/2016 11:48,-200,-200,-200,-200,-200,-200,-200,-200,-68,-200,-200,-200,-200
?,8/01/2016 11:48,-200,-200,-200,,,,,-200,-67,-200,-200,-200,-200
?,8/01/2016 11:48,-200,-200,,,-200,,,-200,-77,-200,-200,-200,-200
?,8/01/2016 11:48,-200,-200,,-200,-200,,,-200,-71,-200,-200,-200,-200
?,8/01/2016 11:48,-200,-200,,-200,-200,,-200,-200,-69,-200,-200,-200,-200
?,8/01/2016 11:48,-200,-200,,-200,-200,,,-200,-69,-200,-200,-200,-200
?,8/01/2016 11:48,-200,-200,-200,-200,-200,-200,,-200,-69,-200,-200,-200,-200
?,8/01/2016 11:48,-200,-200,-200,,,,-200,-200,-79,-200,-200,-200,-200
?,8/01/2016 11:48,-200,-200,-200,-200,,-200,,-200,-73,-200,-200,-200,-200
?,8/01/2016 11:48,-200,-200,-200,-200,,-200,-200,-200,-68,-200,-200,-200,-200
?,8/01/2016 11:48,-200,-200,-200,-200,,,,-200,-82,-200,-200,-200,-200
?,8/01/2016 11:48,-200,-200,-200,-200,,,-200,-200,-75,-200,-200,-200,-200
?,8/01/2016 11:48,-200,-200,-200,-200,,,,-200,-75,-200,-200,-200,-200
?,8/01/2016 11:48,-200,-200,-200,-200,,,,-200,-75,-200,-200,-200,-200
?,8/01/2016 11:48,-200,-200,-200,,,-200,-200,-200,-72,-200,-200,-200,-200
?,8/01/2016 11:48,-200,-200,-200,-200,-200,,,-200,-75,-200,-200,-200,-200
?,8/01/2016 11:48,-200,-200,-200,-200,,-200,-200,-200,-71,-84,-200,-200,-200
?,8/01/2016 11:48,-200,-200,-200,-200,-200,,,-200,-76,-80,-200,-200,-200
?,8/01/2016 11:48,-200,-200,,-200,-200,,,-200,-79,-79,-200,-200,-200
?,8/01/2016 11:48,-200,-200,,-200,-200,,,-200,-80,-79,-200,-200,-200
?,8/01/2016 11:48,-200,-200,-200,-200,,,-200,-200,-76,-80,-200,-200,-200
?,8/01/2016 11:48,-200,-200,-200,-200,-200,,,-200,-76,-75,-200,-200,-200
?,8/01/2016 11:48,-200,-200,-200,-200,,-200,-200,-200,-76,-69,-200,-200,-200
?,8/01/2016 11:48,-200,-200,-200,-200,,,,-200,-76,-68,-79,-200,-200
?,8/01/2016 11:48,-200,-200,-200,,,-200,-200,-200,-200,-78,-79,-200,-200
?,8/01/2016 11:48,-200,-200,-200,-200,-200,,,-200,-200,-71,-78,-200,-200
?,8/01/2016 11:48,-200,-200,-200,-200,,,,-200,-200,-71,-77,-200,-200
?,8/01/2016 11:48,-200,-200,,-200,-200,,,-200,-200,-70,-77,-200,-200
?,8/01/2016 11:48,-200,-200,,,-200,,,-200,-200,-70,-78,-200,-200
?,8/01/2016 11:49,-200,-200,-200,-200,,-200,,-200,-200,-75,-78,-200,-200
?,8/01/2016 11:49,-200,-200,-200,-200,,,,-79,-200,-80,-78,-200,-200
?,8/01/2016 11:49,-200,-80,-200,,,,,-78,-200,-80,-78,-200,-200
?,8/01/2016 11:49,-200,-78,-200,-200,,,-200,-79,-200,-75,-200,-200,-200
?,8/02/2016 12:12,-80,-200,,-200,-200,-200,,-200,-200,-200,-200,-200,-200
?,8/02/2016 12:12,-80,-200,-200,-200,,-200,,-200,-200,-200,-200,-200,-200
?,8/02/2016 12:12,-80,-200,,-200,-200,,,-200,-200,-200,-200,-200,-200
?,8/02/2016 12:12,-80,-200,-200,-200,,,-200,-200,-200,-200,-200,-200,-200
?,8/02/2016 12:12,-80,-200,-200,-200,,,,-200,-200,-200,-200,-200,-200
?,8/02/2016 12:12,-86,-200,-200,-200,-200,,-200,-200,-200,-200,-200,-200,-200
?,8/02/2016 12:12,-85,-200,-200,,,,,-200,-200,-200,-200,-200,-200
?,8/02/2016 12:12,-84,-200,-200,-200,,-200,-200,-200,-200,-200,-200,-200,-200
?,8/02/2016 12:12,-84,-200,-200,-200,,-200,-200,-200,-200,-200,-200,-200,-200
?,8/02/2016 12:12,-84,-200,,-200,-200,-200,-200,-200,-200,-200,-200,-200,-200
?,8/02/2016 12:12,-84,-200,-200,-200,,,-200,-200,-200,-200,-200,-200,-200
?,8/02/2016 12:12,-82,-200,-200,-200,-200,,,-200,-200,-200,-200,-200,-200
?,8/02/2016 12:12,-81,-200,,,-200,,,-200,-200,-200,-200,-200,-200
?,8/02/2016 12:12,-81,-200,,-200,-200,,,-200,-200,-200,-200,-200,-200
?,8/02/2016 12:12,-75,-200,-200,,,,,-200,-200,-200,-200,-200,-200
?,8/02/2016 12:12,-75,-200,-200,-200,,,-200,-200,-200,-200,-200,-200,-200
?,8/02/2016 12:12,-74,-200,-200,,,-200,-200,-81,-200,-200,-200,-200,-200
?,8/02/2016 12:12,-72,-200,,-200,-200,,-200,-81,-200,-200,-200,-200,-200
?,8/02/2016 12:12,-72,-200,-200,-200,,,,-81,-200,-200,-200,-200,-200
?,8/02/2016 12:12,-76,-200,,,-200,,-200,-79,-200,-200,-200,-200,-200
?,8/02/2016 12:12,-76,-200,-200,-200,,,-200,-80,-200,-200,-200,-200,-200
?,8/02/2016 12:12,-74,-200,-200,-200,,,-200,-80,-200,-200,-200,-200,-200
?,8/02/2016 12:12,-74,-200,-200,-200,,,,-80,-200,-200,-200,-200,-200
?,8/02/2016 12:12,-74,-200,-200,-200,,,,-79,-200,-200,-200,-200,-200
?,8/02/2016 12:12,-74,-200,-200,-200,,,,-71,-200,-200,-200,-200,-200
?,8/02/2016 12:12,-200,-79,-200,-200,,-200,,-77,-200,-200,-81,-200,-200
?,8/02/2016 12:12,-200,-80,,,,,,-77,-200,-200,-81,-200,-200
?,8/02/2016 12:12,-200,-77,-200,-200,,,,-77,-200,-200,-81,-200,-200
?,8/02/2016 12:12,-200,-80,-200,,,,,-80,-200,-200,-81,-200,-200
?,8/02/2016 12:12,-200,-79,-200,-200,,,,-78,-200,-200,-81,-200,-200
?,8/02/2016 12:12,-200,-78,-200,-200,,-200,,-78,-200,-200,-200,-200,-200
?,8/02/2016 12:12,-200,-79,,-200,,,,-81,-200,-200,-200,-200,-200
?,8/02/2016 12:12,-200,-79,-200,,,-200,,-78,-200,-200,-200,-200,-200
?,8/02/2016 12:12,-200,-81,-200,-200,,,-200,-78,-200,-200,-200,-200,-200
?,8/02/2016 12:12,-200,-72,-200,,,-200,-200,-78,-200,-200,-200,-200,-200
?,8/02/2016 12:12,-200,-75,-200,-200,,,-200,-78,-200,-200,-200,-200,-200
?,8/02/2016 12:12,-200,-79,-200,-200,,,-200,-79,-200,-200,-200,-200,-200
?,8/02/2016 12:13,-200,-73,-200,-200,,,,-79,-200,-200,-200,-200,-200
?,8/02/2016 12:13,-200,-76,-200,-200,,,,-79,-200,-200,-200,-200,-200
?,8/02/2016 12:13,-200,-73,-200,,,,-200,-200,-200,-200,-200,-200,-200
?,8/02/2016 12:13,-200,-70,-200,,,,-200,-200,-200,-200,-200,-200,-200
?,8/02/2016 12:13,-200,-69,-200,-200,,,-200,-200,-200,-200,-200,-200,-200
?,8/02/2016 12:13,-200,-69,-200,-200,,-200,,-200,-200,-200,-200,-200,-200
?,8/02/2016 12:13,-200,-69,-200,-200,,-200,,-200,-200,-200,-200,-200,-200
?,8/02/2016 12:13,-200,-72,-200,,,,,-200,-200,-200,-200,-200,-200
?,8/02/2016 12:13,-200,-71,-200,-200,,,,-200,-200,-200,-200,-200,-200
?,8/02/2016 12:13,-200,-71,-79,,,-200,-200,-200,-200,-200,-200,-200,-200
?,8/02/2016 12:13,-200,-74,,-200,,,,-200,-200,-200,-200,-200,-200
?,8/02/2016 12:13,-200,-74,-79,-200,,-87,-200,-200,-200,-200,-200,-200,-200
?,8/02/2016 12:13,-200,-77,,,,,,-200,-200,-200,-200,-200,-200
?,8/02/2016 12:13,-200,-79,-78,-200,,,-200,-200,-200,-200,-200,-200,-200
?,8/02/2016 12:13,-200,-76,-78,-200,,,,-200,-200,-200,-200,-200,-200
?,8/02/2016 12:13,-200,-70,-78,,,,-200,-200,-200,-200,-200,-200,-200
?,8/02/2016 12:13,-200,-70,-78,,,,-200,-200,-200,-200,-200,-200,-200
?,8/02/2016 12:13,-200,-72,-200,-200,,,,-200,-200,-200,-200,-200,-200
?,8/02/2016 12:13,-200,-72,,,,,-200,-200,-200,-200,-200,-200,-200
?,8/02/2016 12:13,-200,-73,-200,,,,-200,-200,-200,-200,-200,-200,-200
?,8/02/2016 12:13,,-73,-200,,,,,-200,-200,-200,-200,-200,-200
?,8/02/2016 12:13,-200,-72,-200,-200,-200,,,-200,-200,-200,-200,-200,-200
?,8/02/2016 12:13,-200,-72,-200,,,,-200,-200,-200,-200,-200,-200,-200
?,8/02/2016 12:13,-200,-72,,,,,-200,-200,-200,-200,-200,-200,-200
?,8/02/2016 12:13,-200,-72,-200,,,,-200,-200,-200,-200,-200,-200,-200
?,8/02/2016 12:13,-200,-74,-200,-200,,,,-200,-200,-200,-200,-200,-200
?,8/02/2016 12:13,-200,-78,-200,,,-200,,-200,-200,-200,-200,-200,-200
?,8/02/2016 12:13,-200,-73,-200,-200,,,,-200,-200,-200,-200,-200,-200
?,8/02/2016 12:13,-200,-73,-200,-200,,-200,,-200,-200,-200,-200,-200,-200
?,8/02/2016 12:13,-200,-73,-200,-200,,-200,,-200,-200,-200,-200,-200,-200
?,8/02/2016 12:13,-200,-72,-200,-200,,,,-200,-200,-200,-200,-200,-200
?,8/02/2016 12:13,-200,-72,-200,-200,,-200,,-200,-200,-200,-200,-200,-200
?,8/02/2016 12:13,-200,-73,-200,,,,-200,-200,-200,-200,-200,-200,-200
?,8/02/2016 12:13,-200,-70,-200,-200,,-200,,-200,-200,-200,-200,-200,-200
?,8/02/2016 12:13,-200,-70,-200,,,,,-200,-200,-200,-200,-200,-200
?,8/02/2016 12:13,-200,-75,,-200,,,-200,-200,-200,-200,-200,-200,-200
?,8/02/2016 12:13,-200,-71,,-200,,-200,,-200,-200,-200,-200,-200,-200
?,8/02/2016 12:13,-200,-71,-200,-200,,,,-200,-200,-200,-200,-200,-200
?,8/02/2016 12:13,-200,-69,-200,,,-87,,-200,-200,-200,-200,-200,-200
?,8/02/2016 12:13,-200,-65,-80,-200,,,-200,-200,-200,-200,-200,-200,-200
?,8/02/2016 12:13,-200,-65,-79,-200,,-84,-200,-200,-200,-200,-200,-200,-200
?,8/02/2016 12:13,-200,-65,-79,-200,,,,-200,-200,-200,-200,-200,-200
?,8/02/2016 12:13,-200,-65,-79,-200,,,,-200,-200,-200,-200,-200,-200
?,8/02/2016 12:13,-200,-72,,,,-200,,-200,-200,-200,-200,-200,-200
?,8/02/2016 12:13,-200,-65,,-200,,-200,,-200,-200,-200,-200,-200,-200
?,8/02/2016 12:13,-200,-66,-200,-200,,,,-200,-200,-200,-200,-200,-200
?,8/02/2016 12:13,-200,-73,-76,-200,,,,-200,-200,-200,-200,-200,-200
?,8/02/2016 12:13,-200,-77,-78,-200,,,,-200,-200,-200,-200,-200,-200
?,8/02/2016 12:13,-200,-69,-78,-200,,,-200,-200,-200,-200,-200,-200,-200
?,8/02/2016 12:13,-200,-68,-81,-200,,,,-200,-200,-200,-200,-200,-200
?,8/02/2016 12:13,-200,-78,-78,-200,-200,,,-200,-200,-200,-200,-200,-200
?,8/02/2016 12:13,-200,-74,-76,,-200,,-200,-200,-200,-200,-200,-200,-200
?,8/02/2016 12:13,-200,-74,-75,,-200,,-200,-200,-200,-200,-200,-200,-200
?,8/02/2016 12:13,-200,-73,-77,-200,-200,,,-200,-200,-200,-200,-200,-200
?,8/02/2016 12:13,-200,-73,,-200,-200,,,-200,-200,-200,-200,-200,-200
?,8/02/2016 12:14,-200,-73,-74,-200,-200,-82,,-200,-200,-200,-200,-200,-200
?,8/02/2016 12:14,-200,-73,-74,-200,-200,,,-200,-200,-200,-200,-200,-200
?,8/02/2016 12:14,-200,-200,-70,-200,-200,,,-200,-200,-200,-200,-200,-200
?,8/02/2016 12:14,-200,-82,,,,,,-200,-200,-200,-200,-200,-200
?,8/02/2016 12:14,-200,-82,-66,,,,-200,-200,-200,-200,-200,-200,-200
?,8/02/2016 12:14,-200,-78,,-200,,-200,-200,-200,-200,-200,-200,-200,-200
?,8/02/2016 12:14,-200,-78,-69,-200,,,-200,-200,-200,-200,-200,-200,-200
?,8/02/2016 12:14,-200,-78,-67,-200,,,,-200,-200,-200,-200,-200,-200
?,8/02/2016 12:14,-200,-78,,,,,,-200,-200,-200,-200,-200,-200
?,8/02/2016 12:14,-200,-200,,,,,-200,-200,-200,-200,-200,-200,-200
?,8/02/2016 12:14,-200,-83,,-200,-200,-83,-200,-200,-200,-200,-200,-200,-200
?,8/02/2016 12:14,-200,-83,-64,,-200,,,-200,-200,-200,-200,-200,-200
?,8/02/2016 12:14,-200,-81,-70,-200,,,,-200,-200,-200,-200,-200,-200
?,8/02/2016 12:14,-200,-81,,-82,,,,-200,-200,-200,-200,-200,-200
?,8/02/2016 12:14,-200,-81,-69,,,-76,-200,-200,-200,-200,-200,-200,-200
?,8/02/2016 12:14,-200,-81,-72,-82,,-71,-200,-200,-200,-200,-200,-200,-200
?,8/02/2016 12:14,-200,-200,-68,-82,,,,-200,-200,-200,-200,-200,-200
?,8/02/2016 12:14,-200,-200,,-76,,,-200,-200,-200,-200,-200,-200,-200
?,8/02/2016 12:14,-200,-200,-69,-76,-200,-81,,-200,-200,-200,-200,-200,-200
?,8/02/2016 12:14,-200,-200,-75,-76,-200,,,-200,-200,-200,-200,-200,-200
?,8/02/2016 12:14,-200,-200,-79,-76,-200,,-200,-200,-200,-200,-200,-200,-200
?,8/02/2016 12:14,-200,-200,-76,-79,-200,,-200,-200,-200,-200,-200,-200,-200
?,8/02/2016 12:14,-200,-200,-76,-82,-200,-77,-200,-200,-200,-200,-200,-200,-200
?,8/02/2016 12:14,-200,-200,-74,,-200,,-200,-200,-200,-200,-200,-200,-200
?,8/02/2016 12:14,-200,-200,-74,-79,-200,-79,,-200,-200,-200,-200,-200,-200
?,8/02/2016 12:14,-200,-200,-78,-80,-200,,-200,-200,-200,-200,-200,-200,-200
?,8/02/2016 12:14,-200,-200,,-78,-200,,-200,-200,-200,-200,-200,-200,-200
?,8/02/2016 12:14,-200,-200,-79,,-200,,-200,-200,-200,-200,-200,-200,-200
?,8/02/2016 12:14,-200,-200,-80,,-200,,,-200,-200,-200,-200,-200,-200
?,8/02/2016 12:14,-200,-200,-75,-80,-200,,,-200,-200,-200,-200,-200,-200
?,8/02/2016 12:14,-200,-200,,-81,-200,-77,,-200,-200,-200,-200,-200,-200
?,8/02/2016 12:14,-200,-200,,-79,-200,,-200,-200,-200,-200,-200,-200,-200
?,8/02/2016 12:14,-200,-200,-79,,-200,,,-200,-200,-200,-200,-200,-200
?,8/02/2016 12:14,-200,-200,,-79,-200,,,-200,-200,-200,-200,-200,-200
?,8/02/2016 12:14,-200,-200,-78,-78,-200,,-200,-200,-200,-200,-200,-200,-200
?,8/02/2016 12:14,-200,-200,-78,-75,-200,,-200,-200,-200,-200,-200,-200,-200
?,8/02/2016 12:14,-200,-200,-78,-74,-200,,-78,-200,-200,-200,-200,-200,-200
?,8/02/2016 12:14,-200,-200,,-76,-200,-77,-81,-200,-200,-200,-200,-200,-200
?,8/02/2016 12:14,-200,-200,,,-200,,,-200,-200,-200,-200,-200,-200
?,8/02/2016 12:14,-200,-200,-200,-76,,,-81,-200,-200,-200,-200,-200,-200
?,8/02/2016 12:14,-200,-200,-200,-72,-200,-200,-81,-200,-200,-200,-200,-200,-200
?,8/02/2016 12:14,-200,-200,,-70,-200,,,-200,-200,-200,-200,-200,-200
?,8/02/2016 12:14,-200,-200,-200,,,,,-200,-200,-200,-200,-200,-200
?,8/02/2016 12:14,-200,-200,-200,-76,,,-77,-200,-200,-200,-200,-200,-200
?,8/02/2016 12:14,-200,-200,-200,-72,-200,,-79,-200,-200,-200,-200,-200,-200
?,8/02/2016 12:14,-200,-200,,,-200,,,-200,-200,-200,-200,-200,-200
?,8/02/2016 12:14,-200,-200,-200,-72,-200,,-79,-200,-200,-200,-200,-200,-200
?,8/02/2016 12:14,-200,-200,-200,-75,-200,,,-200,-200,-200,-200,-200,-200
?,8/02/2016 12:14,-200,-200,-200,-67,-200,,,-200,-200,-200,-200,-200,-200
?,8/02/2016 12:14,-200,-200,-200,,,,,-200,-200,-200,-200,-200,-200
?,8/02/2016 12:14,-200,-200,,-70,-200,,-200,-200,-200,-200,-200,-200,-200
?,8/02/2016 12:14,-200,-200,-200,-70,,,,-200,-200,-200,-200,-200,-200
?,8/02/2016 12:14,-200,-200,-200,-76,,,-200,-200,-200,-200,-200,-200,-200
?,8/02/2016 12:14,-200,-200,,-70,-200,,-200,-200,-200,-200,-200,-200,-200
?,8/02/2016 12:14,-200,-200,-200,-75,,,,-200,-200,-200,-200,-200,-200
?,8/02/2016 12:14,-200,-200,-200,,,,-200,-200,-200,-200,-200,-200,-200
?,8/02/2016 12:14,-200,-200,,-78,-200,,,-200,-200,-200,-200,-200,-200
?,8/02/2016 12:14,-200,-200,-200,-74,,,-200,-200,-200,-200,-200,-200,-200
?,8/02/2016 12:14,-200,-200,,-78,-200,-200,,-200,-200,-200,-200,-200,-200
?,8/02/2016 12:15,-200,-200,-200,,,-200,-200,-200,-200,-200,-200,-200,-200
?,8/02/2016 12:15,-200,-200,,-81,-200,-200,,-200,-200,-200,-200,-200,-200
?,8/02/2016 12:15,-200,-200,,-80,-200,,-200,-200,-200,-200,-200,-200,-200
?,8/02/2016 12:15,-200,-200,-200,-77,,-200,-200,-200,-200,-200,-200,-200,-200
?,8/02/2016 12:15,-200,-200,-200,-78,-200,,,-200,-200,-200,-200,-200,-200
?,8/02/2016 12:15,-200,-200,-200,-81,-200,,,-200,-200,-200,-200,-200,-200
?,8/02/2016 12:15,-200,-200,-200,-80,,-200,,-200,-200,-200,-200,-200,-200
?,8/02/2016 12:15,-200,-200,-200,-73,,-200,-200,-200,-200,-200,-200,-200,-200
?,8/02/2016 12:15,-200,-200,-200,-78,,,-200,-200,-200,-200,-200,-200,-200
?,8/02/2016 12:15,-200,-200,-200,-78,,,,-200,-200,-200,-200,-200,-200
?,8/02/2016 12:15,-200,-200,,-77,-200,,-200,-200,-200,-200,-200,-200,-200
?,8/02/2016 12:15,-200,-200,-200,,,,,-200,-200,-200,-200,-200,-200
?,8/02/2016 12:15,-200,-200,-200,,,,,-200,-200,-200,-200,-200,-200
?,8/02/2016 12:15,-200,-200,-200,-76,,,,-200,-200,-200,-200,-200,-200
?,8/02/2016 12:15,-200,-200,-200,-74,,-200,-200,-200,-200,-200,-200,-200,-200
?,8/02/2016 12:15,-200,-200,-200,-75,,,-200,-200,-200,-200,-200,-200,-200
?,8/02/2016 12:15,-200,-200,-200,-75,,,-200,-200,-200,-200,-200,-200,-200
?,8/02/2016 12:15,-200,-200,-200,,,-200,-200,-200,-200,-200,-200,-200,-200
?,8/02/2016 12:15,-200,-200,,-75,-200,-200,-200,-200,-200,-200,-200,-200,-200
?,8/02/2016 12:15,-200,-200,-200,-79,-200,,-200,-200,-200,-200,-200,-200,-200
?,8/02/2016 12:15,-200,-200,-200,-78,-200,,,-200,-200,-200,-200,-200,-200
?,8/02/2016 12:15,-200,-200,-200,-79,,-200,,-200,-200,-200,-200,-200,-200
?,8/02/2016 12:15,-200,-200,-200,-77,,,,-200,-200,-200,-200,-200,-200
?,8/02/2016 12:15,-200,-200,-200,-77,-200,-200,-200,-200,-200,-200,-200,-200,-200
?,8/02/2016 12:15,-200,-200,-200,-77,-200,,,-200,-200,-200,-200,-200,-200
?,8/02/2016 12:15,-200,-200,-200,-80,,,,-200,-200,-200,-200,-200,-200
?,8/02/2016 12:15,-200,-200,,-67,-200,,,-200,-200,-200,-200,-200,-200
?,8/02/2016 12:15,-200,-200,-200,-63,,,-200,-200,-200,-200,-200,-200,-200
?,8/02/2016 12:15,-200,-200,-200,-73,,,,-200,-200,-200,-200,-200,-200
?,8/02/2016 12:15,-200,-200,-200,,,,,-200,-200,-200,-200,-200,-200
?,8/02/2016 12:15,-200,-200,,-70,-200,-200,,-200,-200,-200,-200,-200,-200
?,8/02/2016 12:15,-200,-200,-200,-73,,-200,-200,-200,-200,-200,-200,-200,-200
?,8/02/2016 12:15,-200,-200,,-72,-200,-200,-200,-200,-200,-200,-200,-200,-200
?,8/02/2016 12:15,-200,-200,-200,,,,,-200,-200,-200,-200,-200,-200
?,8/02/2016 12:15,-200,-200,-200,-74,-200,,-200,-200,-200,-200,-200,-200,-200
?,8/02/2016 12:15,-200,-200,-200,,,,,-200,-200,-200,-200,-200,-200
?,8/02/2016 12:15,-200,-200,-81,-78,,-200,-200,-200,-200,-200,-200,-200,-200
?,8/02/2016 12:15,-200,-200,,-65,,-200,,-200,-200,-200,-200,-200,-200
?,8/02/2016 12:15,-200,-200,-79,-81,,,-200,-200,-200,-200,-200,-200,-200
?,8/02/2016 12:15,-200,-200,-72,-76,,,-200,-200,-200,-200,-200,-200,-200
?,8/02/2016 12:15,-200,-200,,,,-200,,-200,-200,-200,-200,-200,-200
?,8/02/2016 12:15,-200,-200,-79,,-200,,-200,-200,-200,-200,-200,-200,-200
?,8/02/2016 12:15,-200,-200,-78,-81,-200,-85,-200,-200,-200,-200,-200,-200,-200
?,8/02/2016 12:15,-200,-82,-76,-77,-200,,,-200,-200,-200,-200,-200,-200
?,8/02/2016 12:15,-200,-76,-76,-77,-200,,-200,-200,-200,-200,-200,-200,-200
?,8/02/2016 12:15,-200,-78,-76,,-200,,-200,-200,-200,-200,-200,-200,-200
?,8/02/2016 12:15,-200,-78,-76,,-200,,-200,-200,-200,-200,-200,-200,-200
?,8/02/2016 12:15,-200,-78,-72,-81,-200,,,-200,-200,-200,-200,-200,-200
?,8/02/2016 12:15,-200,-78,-74,-81,-200,-200,,-200,-200,-200,-200,-200,-200
?,8/02/2016 12:15,-200,-78,,-81,-200,-200,,-200,-200,-200,-200,-200,-200
?,8/02/2016 12:15,-200,-78,-76,-78,-200,-200,,-200,-200,-200,-200,-200,-200
?,8/02/2016 12:15,-200,-200,,,-200,,,-200,-200,-200,-200,-200,-200
?,8/02/2016 12:15,-200,-200,-76,-78,-200,,,-200,-200,-200,-200,-200,-200
?,8/02/2016 12:15,-200,-200,-78,,-200,,,-200,-200,-200,-200,-200,-200
?,8/02/2016 12:15,-200,-76,,-76,-200,,,-200,-200,-200,-200,-200,-200
?,8/02/2016 12:15,-200,-78,,,-200,,,-200,-200,-200,-200,-200,-200
?,8/02/2016 12:15,-200,-78,-75,-79,-200,,-78,-200,-200,-200,-200,-200,-200
?,8/02/2016 12:15,-200,-78,-80,,-200,,,-200,-200,-200,-200,-200,-200
?,8/02/2016 12:15,-200,-80,-72,-79,-200,-200,,-200,-200,-200,-200,-200,-200
?,8/02/2016 12:16,-200,-74,,-200,-200,,,-200,-200,-200,-200,-200,-200
?,8/02/2016 12:16,-200,-77,-74,,-200,,-200,-200,-200,-200,-200,-200,-200
?,8/02/2016 12:16,-200,-77,-68,-200,-200,,-200,-200,-200,-200,-200,-200,-200
?,8/02/2016 12:16,-200,-79,-69,-200,-200,,,-200,-200,-200,-200,-200,-200
?,8/02/2016 12:16,-200,-77,,,-200,-78,-200,-200,-200,-200,-200,-200,-200
?,8/02/2016 12:16,-200,-77,-69,-200,-200,,,-200,-200,-200,-200,-200,-200
?,8/02/2016 12:16,-200,-77,-74,,-200,,,-200,-200,-200,-200,-200,-200
?,8/02/2016 12:16,-200,-77,-70,-200,-200,,-200,-200,-200,-200,-200,-200,-200
?,8/02/2016 12:16,-200,-73,-70,-200,,,,-200,-200,-200,-200,-200,-200
?,8/02/2016 12:16,-200,-78,,-200,,-80,-200,-200,-200,-200,-200,-200,-200
?,8/02/2016 12:16,-200,-82,,-200,,,-200,-200,-200,-200,-200,-200,-200
?,8/02/2016 12:16,-200,-78,-72,-200,,,-200,-85,-200,-200,-200,-200,-200
?,8/02/2016 12:16,-200,-78,-72,,-200,,,-85,-200,-200,-200,-200,-200
?,8/02/2016 12:16,-200,-78,-200,-200,-200,,,-85,-200,-200,-200,-200,-200
?,8/02/2016 12:16,-200,-200,-200,,,,,-85,-200,-200,-200,-200,-200
?,8/02/2016 12:16,-200,-73,-200,-200,,,-200,-200,-200,-200,-200,-200,-200
?,8/02/2016 12:16,-200,-75,,,,,,-200,-200,-200,-200,-200,-200
?,8/02/2016 12:16,-200,-75,,-200,,,,-200,-200,-200,-200,-200,-200
?,8/02/2016 12:16,-200,-76,,-200,,-79,-200,-78,-200,-200,-200,-200,-200
?,8/02/2016 12:16,-200,-81,-79,-200,,-79,-200,-78,-200,-200,-200,-200,-200
?,8/02/2016 12:16,-200,-79,-74,-200,,,,-81,-200,-200,-200,-200,-200
?,8/02/2016 12:16,-200,-77,-74,,,,,-81,-200,-200,-200,-200,-200
?,8/02/2016 12:16,-200,-77,-74,-200,,,,-81,-200,-200,-200,-200,-200
?,8/02/2016 12:16,-200,-77,,-200,,,,-81,-200,-200,-200,-200,-200
?,8/02/2016 12:16,-81,-77,-200,,,-200,-200,-73,-200,-200,-200,-200,-200
?,8/02/2016 12:16,-73,-200,,-200,,-200,-200,-73,-200,-200,-200,-200,-200
?,8/02/2016 12:16,-73,-200,-200,-200,,-200,-200,-77,-200,-200,-200,-200,-200
?,8/02/2016 12:16,-74,-200,-200,-200,,-200,,-77,-200,-200,-200,-200,-200
?,8/02/2016 12:16,-74,-200,-200,-200,,,,-77,-200,-200,-200,-200,-200
?,8/02/2016 12:16,-78,-200,-200,-200,,,-200,-78,-200,-200,-200,-200,-200
?,8/02/2016 12:16,-74,-200,-200,-200,,-88,,-77,-200,-200,-200,-200,-200
?,8/02/2016 12:16,-74,-200,-200,-200,,,,-77,-200,-200,-200,-200,-200
?,8/02/2016 12:16,-75,-200,-200,-200,-200,,,-82,-200,-200,-200,-200,-200
?,8/02/2016 12:16,-75,-200,-200,,,,,-81,-200,-200,-200,-200,-200
?,8/02/2016 12:16,-69,-200,-200,-200,,,,-79,-200,-200,-200,-200,-200
?,8/02/2016 12:16,-68,-200,-200,,,,,-79,-200,-200,-200,-200,-200
?,8/02/2016 12:16,-68,-200,-200,-200,,,-200,-79,-200,-200,-200,-200,-200
?,8/02/2016 12:16,-75,-200,-200,-200,,,,-79,-200,-200,-200,-200,-200
?,8/02/2016 12:16,-71,-200,-200,-200,,,,-200,-200,-200,-200,-200,-200
?,8/02/2016 12:16,-71,-200,-200,-200,,,,-200,-200,-200,-200,-200,-200
?,8/02/2016 14:22,-80,-200,-200,-200,-200,-200,,-200,-200,-200,-200,-200,-200
?,8/02/2016 14:22,-80,-200,-200,-200,,-200,,-200,-200,-200,-200,-200,-200
?,8/02/2016 14:22,-80,-200,-200,-200,,,,-200,-200,-200,-200,-200,-200
?,8/02/2016 14:22,-80,-200,,,-200,,,-200,-200,-200,-200,-200,-200
?,8/02/2016 14:22,-80,-200,,-200,-200,-200,,-200,-200,-200,-200,-200,-200
?,8/02/2016 14:22,-80,-200,-200,,,,,-200,-200,-200,-200,-200,-200
?,8/02/2016 14:22,-84,-200,-200,-200,,-200,,-200,-200,-200,-200,-200,-200
?,8/02/2016 14:22,-83,-200,-200,-200,,-200,-200,-200,-200,-200,-200,-200,-200
?,8/02/2016 14:22,-82,-200,,-200,-200,,-200,-200,-200,-200,-200,-200,-200
?,8/02/2016 14:22,-82,-200,-200,-200,,,-200,-200,-200,-200,-200,-200,-200
?,8/02/2016 14:22,-82,-200,-200,,,,-200,-200,-200,-200,-200,-200,-200
?,8/02/2016 14:22,-82,-200,-200,-200,,,,-200,-200,-200,-200,-200,-200
?,11/02/2016 15:29,-71,-200,,-200,-200,,-200,-200,-200,-200,-200,-200,-200
?,11/02/2016 15:29,-72,-200,-200,-200,-200,-200,,-200,-200,-200,-200,-200,-200
?,11/02/2016 15:29,-71,-200,,-200,-200,,-200,-200,-200,-200,-200,-200,-200
?,11/02/2016 15:29,-71,-200,-200,,,-200,,-200,-200,-200,-200,-200,-200
?,11/02/2016 15:29,-71,-200,,-200,-200,,,-200,-200,-200,-200,-200,-200
?,11/02/2016 15:29,-71,-200,-200,-200,-200,,,-200,-200,-200,-200,-200,-200
?,11/02/2016 15:29,-73,-200,,,-200,,-200,-200,-200,-200,-200,-200,-200
?,11/02/2016 15:29,-68,-200,-200,,,,-200,-200,-200,-200,-200,-200,-200
?,11/02/2016 15:29,-70,-200,-200,-200,,-200,-200,-200,-200,-200,-200,-200,-200
?,11/02/2016 15:29,-71,-200,,-200,-200,-200,,-200,-81,-200,-200,-200,-200
?,11/02/2016 15:29,-77,-200,-200,-200,,,-200,-200,-81,-200,-200,-200,-200
?,11/02/2016 15:29,-72,-200,-200,-200,,-200,,-200,-75,-200,-200,-200,-200
?,11/02/2016 15:29,-72,-200,,,-200,,,-200,-75,-200,-200,-200,-200
?,11/02/2016 15:29,-72,-200,,-200,-200,,-200,-200,-80,-200,-200,-200,-200
?,11/02/2016 15:29,-72,-200,-200,-200,,,-200,-200,-78,-200,-200,-200,-200
?,11/02/2016 15:29,-200,-200,,-200,-200,,-200,-200,-78,-200,-200,-200,-200
?,11/02/2016 15:29,-200,-200,-200,-200,-200,,,-200,-70,-200,-200,-200,-200
?,11/02/2016 15:29,-200,-200,-200,-200,,,-200,-200,-69,-200,-200,-200,-200
?,11/02/2016 15:29,-200,-200,,,-200,,,-200,-68,-200,-200,-200,-200
?,11/02/2016 15:29,-82,-200,-200,-200,,-200,,-200,-68,-200,-200,-200,-200
?,11/02/2016 15:29,-85,-200,,-200,-200,-200,,-200,-69,-200,-200,-200,-200
?,11/02/2016 15:29,-77,-200,,-200,-200,,,-200,-69,-200,-200,-200,-200
?,11/02/2016 15:29,-77,-200,-200,-200,,,-200,-200,-70,-200,-200,-200,-200
?,11/02/2016 15:29,-77,-200,-200,-200,,,,-200,-64,-200,-200,-200,-200
?,11/02/2016 15:29,-77,-200,,-200,-200,,,-200,-63,-200,-200,-200,-200
?,11/02/2016 15:29,-200,-200,-200,-200,-200,-200,,-200,-62,-200,-200,-200,-200
?,11/02/2016 15:29,-200,-200,-200,-200,,,,-200,-61,-200,-200,-200,-200
?,11/02/2016 15:29,-200,-200,,-200,-200,-200,-200,-200,-59,-200,-200,-200,-200
?,11/02/2016 15:29,-200,-200,-200,,,,-200,-200,-59,-200,-200,-200,-200
?,11/02/2016 15:29,-200,-200,-200,-200,-200,,,-200,-63,-200,-200,-200,-200
?,11/02/2016 15:29,-200,-200,-200,,,,,-200,-67,-200,-200,-200,-200
?,11/02/2016 15:29,-200,-200,,-200,-200,,,-200,-70,-200,-200,-200,-200
?,11/02/2016 15:30,-200,-200,-200,-200,,,,-200,-61,-200,-200,-200,-200
?,11/02/2016 15:30,-200,-200,,-200,-200,,-200,-200,-61,-200,-200,-200,-200
?,11/02/2016 15:30,-200,-200,-200,-200,,,-200,-200,-62,-200,-200,-200,-200
?,11/02/2016 15:30,-200,-200,-200,,,,-200,-200,-62,-200,-200,-200,-200
?,11/02/2016 15:30,-200,-200,,,-200,,,-200,-62,-200,-200,-200,-200
?,11/02/2016 15:30,-200,-200,,-200,-200,-200,-200,-200,-60,-200,-200,-200,-200
?,11/02/2016 15:30,-200,-200,-200,,,,,-200,-60,-200,-200,-200,-200
?,11/02/2016 15:30,-200,-200,-200,-200,,,,-200,-67,-200,-200,-200,-200
?,11/02/2016 15:30,-200,-200,,-200,-200,,,-200,-63,-200,-200,-200,-200
?,11/02/2016 15:30,-200,-200,-200,-200,,,-200,-200,-63,-200,-200,-200,-200
?,11/02/2016 15:30,-84,-200,-200,-200,,,-200,-200,-61,-77,-200,-200,-200
?,11/02/2016 15:30,-79,-200,-200,,,,,-200,-66,-77,-200,-200,-200
?,11/02/2016 15:30,-81,-200,-200,-200,,-200,,-200,-66,-77,-200,-200,-200
?,11/02/2016 15:30,-81,-200,-200,-200,,,,-200,-66,-77,-200,-200,-200
?,11/02/2016 15:30,-81,-200,,-200,-200,,,-200,-71,-77,-200,-200,-200
?,11/02/2016 15:30,-81,-200,-200,,,,,-200,-66,-77,-200,-200,-200
?,11/02/2016 15:30,-200,-200,-200,-200,-200,,,-200,-67,-200,-200,-200,-200
?,11/02/2016 15:30,-200,-200,-200,,,,-200,-200,-67,-200,-200,-200,-200
?,11/02/2016 15:30,-200,-200,-200,-200,,,,-200,-67,-200,-200,-200,-200
?,11/02/2016 15:30,-200,-200,,-200,-200,,-200,-200,-67,-200,-200,-200,-200
?,11/02/2016 15:30,-200,-200,-200,-200,,,,-200,-67,-200,-200,-200,-200
?,11/02/2016 15:30,-200,-200,-200,,,,,-200,-67,-200,-200,-200,-200
?,11/02/2016 15:30,-200,-200,-200,,,,-200,-200,-69,-200,-200,-200,-200
?,11/02/2016 15:30,-200,-200,-200,-200,,,,-200,-70,-200,-200,-200,-200
?,11/02/2016 15:30,-200,-200,-200,-200,-200,,-200,-200,-70,-200,-200,-200,-200
?,11/02/2016 15:30,-200,-200,,-200,-200,-200,,-200,-71,-200,-200,-200,-200
?,11/02/2016 15:30,-200,-200,,-200,-200,-200,,-200,-71,-200,-200,-200,-200
?,11/02/2016 15:30,-200,-200,,-200,-200,,,-200,-61,-200,-200,-200,-200
?,11/02/2016 15:30,-200,-200,-200,-200,-200,,-200,-200,-61,-200,-200,-200,-200
?,11/02/2016 15:30,-200,-200,-200,-200,-200,,,-200,-67,-200,-200,-200,-200
?,11/02/2016 15:30,-200,-200,-200,-200,,,-200,-200,-79,-200,-200,-200,-200
?,11/02/2016 15:30,-200,-200,-200,,,-200,-200,-200,-79,-200,-200,-200,-200
?,11/02/2016 15:30,-200,-200,-200,,,,,-200,-85,-200,-200,-200,-200
?,11/02/2016 15:30,-200,-200,-200,-200,,-200,,-200,-81,-200,-200,-200,-200
?,11/02/2016 15:30,-200,-200,-200,-200,,,,-200,-80,-200,-200,-200,-200
?,11/02/2016 15:30,-200,-200,-200,-200,,,,-200,-81,-81,-200,-200,-200
?,11/02/2016 15:30,-200,-200,-200,-200,,,,-200,-82,-70,-200,-200,-200
?,11/02/2016 15:30,-200,-200,-200,-200,,,,-200,-82,-70,-200,-200,-200
?,11/02/2016 15:30,-200,-200,-200,-200,-200,,,-200,-81,-77,-200,-200,-200
?,11/02/2016 15:30,-200,-200,,-200,-200,-200,,-200,-81,-76,-200,-200,-200
?,11/02/2016 15:30,-200,-200,-200,-200,-200,-200,,-200,-81,-72,-200,-200,-200
?,11/02/2016 15:30,-200,-200,,-200,-200,,,-200,-81,-73,-200,-200,-200
?,11/02/2016 15:30,-200,-200,-200,,,-200,-200,-200,-200,-61,-200,-200,-200
?,11/02/2016 15:30,-200,-200,-200,,,,,-200,-200,-61,-200,-200,-200
?,11/02/2016 15:30,-200,-200,,-200,,,-200,-200,-200,-68,-200,-200,-200
?,11/02/2016 15:30,-200,-83,-200,-200,,,,-200,-200,-68,-200,-200,-200
?,11/02/2016 15:30,-200,-86,-200,-200,,,,-200,-200,-63,-200,-200,-200
?,11/02/2016 15:30,-200,-84,-200,-200,,,,-200,-200,-66,-200,-200,-200
?,11/02/2016 15:30,-200,-84,-200,-200,,,-200,-200,-200,-65,-200,-200,-200
?,11/02/2016 15:30,-200,-84,-200,-200,,,-200,-200,-200,-75,-200,-200,-200
?,11/02/2016 15:30,-200,-84,-200,-200,,,-200,-200,-200,-80,-200,-200,-200
?,11/02/2016 15:30,-200,-200,-200,-200,,,,-200,-200,-78,-200,-200,-200
?,11/02/2016 15:30,-200,-200,-200,-200,-200,,,-200,-200,-81,-200,-200,-200
?,11/02/2016 15:30,-200,-200,-200,-200,,,,-200,-200,-80,-200,-200,-200
?,11/02/2016 15:30,-200,-200,,-200,-200,,,-200,-200,-78,-200,-200,-200
?,11/02/2016 15:30,-200,-200,,-200,-200,,,-200,-200,-79,-200,-200,-200
?,11/02/2016 15:30,-200,-200,-200,,,-83,-200,-200,-200,-79,-200,-200,-200
?,11/02/2016 15:30,-200,-200,-200,-200,,,,-200,-200,-79,-200,-200,-200
?,11/02/2016 15:31,-200,-200,,-200,-200,,,-200,-200,-79,-200,-200,-200
?,11/02/2016 15:32,-200,-200,-200,-200,,,,-80,-200,-200,-200,-200,-200
?,11/02/2016 15:32,-200,-200,-200,-200,-200,,,-80,-200,-200,-200,-200,-200
?,11/02/2016 15:32,-200,-200,,-200,-200,,,-80,-200,-200,-200,-200,-200
?,11/02/2016 15:32,-200,-200,-200,-200,,-200,,-80,-200,-200,-200,-200,-200
?,11/02/2016 15:32,-200,-200,-200,-200,,,,-80,-89,-200,-200,-200,-200
?,11/02/2016 15:32,-200,-200,-200,-200,-200,,,-200,-81,-200,-200,-200,-200
?,11/02/2016 15:32,-200,-200,-200,-200,,,-200,-200,-83,-200,-200,-200,-200
?,11/02/2016 15:34,-200,-200,-200,-200,,,-200,-200,-200,-200,-200,-200,-200
?,11/02/2016 15:34,-200,-200,-200,-200,,,,-200,-200,-200,-200,-200,-200
?,11/02/2016 15:34,-200,-200,-200,,,,,-200,-200,-200,-200,-200,-200
?,11/02/2016 15:34,-200,-200,,-200,-200,,,-200,-200,-200,-200,-200,-200
?,11/02/2016 15:34,-200,-200,-200,-200,,-200,-77,-200,-200,-200,-200,-200,-200
?,11/02/2016 15:34,-200,-200,-200,,,-200,,-200,-200,-200,-200,-200,-200
?,11/02/2016 15:34,-200,-200,-200,,,,,-200,-200,-200,-200,-200,-200
?,11/02/2016 15:34,-200,-200,-200,-200,,,,-200,-200,-200,-200,-200,-200
?,11/02/2016 15:34,-200,-200,-200,-200,,,-63,-200,-200,-200,-200,-200,-200
?,11/02/2016 15:34,-200,-200,-200,-80,,,,-200,-200,-200,-200,-200,-200
?,11/02/2016 15:34,-200,-200,,-80,-200,,-62,-200,-200,-200,-200,-200,-200
?,11/02/2016 15:34,-200,-200,-200,-80,-200,,-62,-200,-200,-200,-200,-200,-200
?,11/02/2016 15:34,-200,-200,-200,-80,,,-65,-200,-200,-200,-200,-200,-200
?,11/02/2016 15:34,-200,-200,-200,-77,,-78,,-200,-200,-200,-200,-200,-200
?,11/02/2016 15:34,-200,-200,,,-200,,,-200,-200,-200,-200,-200,-200
?,11/02/2016 15:34,-200,-200,-200,,,-77,,-200,-200,-200,-200,-200,-200
?,11/02/2016 15:34,-200,-200,,-78,-200,,,-200,-200,-200,-200,-200,-200
?,11/02/2016 15:34,-200,-200,-200,-67,,-77,-71,-200,-200,-200,-200,-200,-200
?,11/02/2016 15:34,-200,-200,-200,,,,-71,-200,-200,-200,-200,-200,-200
?,11/02/2016 15:34,-200,-200,-200,-67,,,,-200,-200,-200,-200,-200,-200
?,11/02/2016 15:34,-200,-200,-200,,,,,-200,-200,-200,-200,-200,-200
?,11/02/2016 15:34,-200,-200,,-62,-200,,,-200,-200,-200,-200,-200,-200
?,11/02/2016 15:34,-200,-200,-200,-62,,-200,-200,-200,-200,-200,-200,-200,-200
?,11/02/2016 15:34,-200,-200,-200,,,,,-200,-200,-200,-200,-200,-200
?,11/02/2016 15:34,-200,-200,,,-200,,-81,-200,-200,-200,-200,-200,-200
?,11/02/2016 15:34,-200,-200,,,-200,-200,,-200,-200,-200,-200,-200,-200
?,11/02/2016 15:34,-200,-200,,,-200,,,-200,-200,-200,-200,-200,-200
?,11/02/2016 15:34,-200,-200,-78,,-200,,-79,-200,-200,-200,-200,-200,-200
?,11/02/2016 15:34,-200,-80,-78,-75,-200,,,-200,-200,-200,-200,-200,-200
?,11/02/2016 15:34,-200,-80,,,-200,,,-200,-200,-200,-200,-200,-200
?,11/02/2016 15:34,-200,,-72,,-200,,-200,-200,-200,-200,-200,-200,-200
?,11/02/2016 15:34,-200,-80,-72,-78,-200,,,-200,-200,-200,-200,-200,-200
?,11/02/2016 15:34,-200,-77,,-78,-200,-79,,-200,-200,-200,-200,-200,-200
?,11/02/2016 15:34,-200,-79,-64,-78,-200,,,-200,-200,-200,-200,-200,-200
?,11/02/2016 15:34,-200,-81,-64,-85,-200,,,-200,-200,-200,-200,-200,-200
?,11/02/2016 15:34,-200,-80,,-82,-200,,,-200,-200,-200,-200,-200,-200
?,11/02/2016 15:34,-200,-74,-69,-80,-200,,-200,-200,-200,-200,-200,-200,-200
?,11/02/2016 15:34,-200,-78,-60,,-200,,-200,-200,-200,-200,-200,-200,-200
?,11/02/2016 15:34,-200,-78,-60,-80,-200,,,-200,-200,-200,-200,-200,-200
?,11/02/2016 15:34,-200,-78,,,-200,-75,,-200,-200,-200,-200,-200,-200
?,11/02/2016 15:34,-200,-78,-63,-86,-200,-67,-200,-200,-200,-200,-200,-200,-200
?,11/02/2016 15:34,-200,-200,,-80,-200,,-200,-200,-200,-200,-200,-200,-200
?,11/02/2016 15:34,-200,-74,-70,,-200,-79,,-200,-200,-200,-200,-200,-200
?,11/02/2016 15:34,-200,-75,-70,-82,-200,-72,-200,-200,-200,-200,-200,-200,-200
?,11/02/2016 15:34,-200,-76,-70,-82,-200,,,-200,-200,-200,-200,-200,-200
?,11/02/2016 15:34,-200,-73,,,-200,,-200,-200,-200,-200,-200,-200,-200
?,11/02/2016 15:34,-200,-68,-71,-200,,,,-200,-200,-200,-200,-200,-200
?,11/02/2016 15:34,-200,-73,-71,-200,,-77,-200,-200,-200,-200,-200,-200,-200
?,11/02/2016 15:34,-200,-73,,-200,,,-200,-200,-200,-200,-200,-200,-200
?,11/02/2016 15:35,-200,-68,-79,-200,,,,-200,-200,-200,-200,-200,-200
?,11/02/2016 15:35,-200,-67,-74,,,,-200,-200,-200,-200,-200,-200,-200
?,11/02/2016 15:35,-200,-71,-74,,,-75,-200,-200,-200,-200,-200,-200,-200
?,11/02/2016 15:35,-200,-69,-74,-200,,-200,-200,-200,-200,-200,-200,-200,-200
?,11/02/2016 15:35,-200,-73,,-200,,,-200,-200,-200,-200,-200,-200,-200
?,11/02/2016 15:35,-200,-70,-200,-200,,,-200,-200,-200,-200,-200,-200,-200
?,11/02/2016 15:35,-200,-70,,,,,,-200,-200,-200,-200,-200,-200
?,11/02/2016 15:35,-200,-75,-200,,,-200,-200,-200,-200,-200,-200,-200,-200
?,11/02/2016 15:35,-200,-72,,-200,,,,-200,-200,-200,-200,-200,-200
?,11/02/2016 15:35,-200,-72,,-200,,-200,,-200,-200,-200,-200,-200,-200
?,11/02/2016 15:35,-200,-82,-76,-200,,-83,,-200,-200,-200,-200,-200,-200
?,11/02/2016 15:35,-200,-76,-76,-200,,,,-200,-200,-200,-200,-200,-200
?,11/02/2016 15:35,-200,-76,-76,-200,,,,-200,-200,-200,-200,-200,-200
?,11/02/2016 15:35,-200,-76,,-200,,,,-200,-200,-200,-200,-200,-200
?,11/02/2016 15:35,-200,-77,,-200,,-79,-200,-200,-200,-200,-200,-200,-200
?,11/02/2016 15:35,-200,-71,,-200,,,-200,-200,-200,-200,-200,-200,-200
?,11/02/2016 15:35,-200,-67,,,,,,-200,-200,-200,-200,-200,-200
?,11/02/2016 15:35,-200,-72,-200,-200,,,,-200,-200,-200,-200,-200,-200
?,11/02/2016 15:35,-200,-79,-200,-200,,-81,,-200,-200,-200,-200,-200,-200
?,11/02/2016 15:35,-200,-79,-200,,,,,-200,-200,-200,-200,-200,-200
?,11/02/2016 15:35,-200,-72,,-200,,-80,,-200,-200,-200,-200,-200,-200
?,11/02/2016 15:35,-200,-72,-200,-200,,,,-200,-200,-200,-200,-200,-200
?,11/02/2016 15:35,-200,-69,-200,-200,,-80,,-200,-200,-200,-200,-200,-200
?,11/02/2016 15:35,-200,-74,-200,-200,,,,-200,-200,-200,-200,-200,-200
?,11/02/2016 15:35,-200,-76,-200,,,,,-200,-200,-200,-200,-200,-200
?,11/02/2016 15:35,-200,-74,-200,-200,,-78,,-200,-200,-200,-200,-200,-200
?,11/02/2016 15:35,-200,-74,-200,-200,,,,-200,-200,-200,-200,-200,-200
?,11/02/2016 15:35,-200,-75,-200,-200,,,-200,-200,-200,-200,-200,-200,-200
?,11/02/2016 15:35,-200,-81,,,,,,-200,-200,-200,-200,-200,-200
?,11/02/2016 15:35,-200,-82,-200,-200,,,,-79,-200,-200,-200,-200,-200
?,11/02/2016 15:35,-200,-77,-200,-200,,-78,-200,-78,-200,-200,-200,-200,-200
?,11/02/2016 15:35,-200,-82,,-200,,,,-78,-200,-200,-200,-200,-200
?,11/02/2016 15:35,-200,-81,-200,-200,,-78,-200,-79,-200,-200,-200,-200,-200
?,11/02/2016 15:35,-200,-81,-200,,,,,-78,-200,-200,-200,-200,-200
?,11/02/2016 15:35,-200,-81,-200,-200,,,,-80,-200,-200,-200,-200,-200
?,11/02/2016 15:35,-200,-81,-200,,,,,-80,-200,-200,-200,-200,-200
?,11/02/2016 15:35,-200,-81,-200,-200,,-79,-200,-77,-200,-200,-200,-200,-200
?,11/02/2016 15:35,-200,-82,-200,,,,,-77,-200,-200,-200,-200,-200
?,11/02/2016 15:35,-200,-82,-200,-200,,,-200,-79,-200,-200,-200,-200,-200
?,11/02/2016 15:35,-200,-77,-200,-200,,,-200,-80,-200,-200,-200,-200,-200
?,11/02/2016 15:35,-81,-77,-200,-200,,,-200,-80,-200,-200,-200,-200,-200
?,11/02/2016 15:35,-81,-80,-200,,,,,-79,-200,-200,-200,-200,-200
?,11/02/2016 15:35,-81,-81,,-200,,-78,-200,-72,-200,-200,-200,-200,-200
?,11/02/2016 15:35,-81,-81,,,,-78,,-72,-200,-200,-200,-200,-200
?,11/02/2016 15:35,-81,-80,-200,-200,,,-200,-73,-200,-200,-200,-200,-200
?,11/02/2016 15:35,-200,-80,-200,-200,,,-200,-74,-200,-200,-200,-200,-200
?,11/02/2016 15:35,-78,-80,-200,-200,,-81,,-74,-200,-200,-200,-200,-200
?,11/02/2016 15:35,-79,-200,-200,-200,,,-200,-78,-200,-200,-200,-200,-200
?,11/02/2016 15:35,-79,-200,-200,,,,-200,-78,-200,-200,-200,-200,-200
?,11/02/2016 15:35,-79,-80,-200,-200,,-77,-200,-81,-200,-200,-200,-200,-200
?,11/02/2016 15:35,-79,-75,-200,-200,,,,-81,-200,-200,-200,-200,-200
?,11/02/2016 15:35,-200,-79,-200,-200,,,,-79,-200,-200,-200,-200,-200
?,11/02/2016 15:35,-200,-79,-200,-200,,,,-79,-200,-200,-200,-200,-200
?,11/02/2016 15:35,-200,-79,,,,,-200,-79,-200,-200,-200,-200,-200
?,11/02/2016 15:35,-200,-79,-200,,,,,-79,-200,-200,-200,-200,-200
?,11/02/2016 15:35,-200,,,-200,,-79,,-83,-200,-200,-200,-200,-200
?,11/02/2016 15:36,-200,-200,-200,-200,,-200,,-74,-200,-200,-200,-200,-200
?,11/02/2016 15:36,-200,-200,-200,-200,,,,-74,-200,-200,-200,-200,-200
?,11/02/2016 15:36,-200,-200,,,,,-200,-74,-200,-200,-200,-200,-200
?,11/02/2016 15:36,-200,-200,-200,-200,,,,-77,-200,-200,-200,-200,-200
?,11/02/2016 15:36,-200,-200,,-200,,,,-76,-200,-200,-200,-200,-200
?,11/02/2016 15:36,-200,-200,-200,,,-200,,-76,-200,-200,-200,-200,-200
?,11/02/2016 15:36,-200,-200,,-200,,,,-76,-200,-200,-200,-200,-200
?,11/02/2016 15:36,-200,-200,-200,,,,,-78,-200,-200,-200,-200,-200
?,11/02/2016 15:36,-200,-78,-200,-200,,,-200,-81,-200,-200,-200,-200,-200
?,11/02/2016 15:36,-200,-78,-200,-200,,,,-81,-200,-200,-200,-200,-200
?,11/02/2016 15:36,-200,-78,-200,,,,,-78,-200,-200,-200,-200,-200
?,11/02/2016 15:36,-200,-79,-200,,,-200,-200,-78,-200,-200,-200,-200,-200
?,11/02/2016 15:36,-200,-75,-200,-200,,,,-80,-200,-200,-200,-200,-200
?,11/02/2016 15:36,-200,-80,-200,,,,-200,-80,-200,-200,-200,-200,-200
?,11/02/2016 15:36,-200,-80,,-200,,-200,,-80,-200,-200,-200,-200,-200
?,11/02/2016 15:36,-200,-78,-200,,,,,-80,-200,-200,-200,-200,-200
?,11/02/2016 15:36,-200,-80,-200,-200,,,,-80,-200,-200,-200,-200,-200
?,11/02/2016 15:36,-200,-79,-200,-200,,-200,-200,-200,-200,-200,-200,-200,-200
?,11/02/2016 15:36,-200,-79,-200,,,-200,-200,-200,-200,-200,-200,-200,-200
?,11/02/2016 15:36,-200,-79,-200,,,,-200,-200,-200,-200,-200,-200,-200
?,11/02/2016 15:36,-200,-77,-81,-200,,-200,,-200,-200,-200,-200,-200,-200
?,11/02/2016 15:36,-200,-78,-78,,,,,-200,-200,-200,-200,-200,-200
?,11/02/2016 15:36,-200,-79,-78,-200,,,,-200,-200,-200,-200,-200,-200
?,11/02/2016 15:36,-200,-79,,-200,,,-200,-200,-200,-200,-200,-200,-200
?,11/02/2016 15:36,-200,-79,-78,-200,,-200,-200,-200,-200,-200,-200,-200,-200
?,11/02/2016 15:36,-200,-79,-200,,,,,-200,-200,-200,-200,-200,-200
?,11/02/2016 15:36,-200,-200,,-200,,,-200,-200,-200,-200,-200,-200,-200
?,11/02/2016 15:36,-200,-87,-200,-200,,,,-200,-200,-200,-200,-200,-200
?,11/02/2016 15:36,-200,-82,-200,-200,,,-200,-200,-200,-200,-200,-200,-200
?,11/02/2016 15:36,-200,-81,-200,-200,,,,-200,-200,-200,-200,-200,-200
?,11/02/2016 15:36,-200,-81,-200,,,,,-200,-200,-200,-200,-200,-200
?,11/02/2016 15:36,-200,-81,-200,-200,,-200,-200,-200,-200,-200,-200,-200,-200
?,11/02/2016 15:36,-200,-81,,-200,,,,-200,-200,-200,-200,-200,-200
?,11/02/2016 15:36,-200,-200,-200,-200,,,,-200,-200,-200,-200,-200,-200
?,11/02/2016 15:36,-200,-200,-200,,,,-200,-200,-200,-200,-200,-200,-200
?,11/02/2016 15:36,-200,-200,-200,-200,,,-200,-200,-200,-200,-200,-200,-200
?,11/02/2016 15:36,-200,-200,-200,-200,,,,-200,-200,-200,-200,-200,-200
?,11/02/2016 15:36,-200,-200,-200,-200,,,-200,-200,-200,-200,-200,-200,-200
?,11/02/2016 15:36,-200,-200,,-200,,,,-200,-200,-200,-200,-200,-200
?,11/02/2016 15:36,-200,-200,-200,-200,,,-200,-200,-200,-200,-200,-200,-200
?,11/02/2016 15:36,-200,-200,-200,,,,-200,-200,-200,-200,-200,-200,-200
?,11/02/2016 15:36,-200,-200,-200,-200,,-200,-200,-200,-200,-200,-200,-200,-200
?,11/02/2016 15:36,-200,-200,-200,-200,,,-200,-200,-200,-200,-200,-200,-200
?,11/02/2016 15:36,-200,-200,-200,-200,,,-200,-200,-200,-200,-200,-200,-200
?,11/02/2016 15:36,-200,-200,-200,-200,,,,-200,-200,-200,-200,-200,-200
?,11/02/2016 15:36,-200,-200,,-200,,,,-200,-200,-200,-200,-200,-200
?,11/02/2016 15:36,-200,-200,,,,,-200,-200,-200,-200,-200,-200,-200
?,11/02/2016 15:36,-200,-200,-200,-200,,,-200,-200,-200,-200,-200,-200,-200
?,11/02/2016 15:36,-200,-200,-200,-200,,-200,-200,-200,-200,-200,-200,-200,-200
?,11/02/2016 15:36,-200,-80,,,,,,-200,-200,-200,-200,-200,-200
?,11/02/2016 15:36,-200,-76,-200,,,,,-200,-200,-200,-200,-200,-200
?,11/02/2016 15:36,-200,-81,,-200,,,-200,-200,-200,-200,-200,-200,-200
?,11/02/2016 15:36,-200,-83,,,,,,-200,-200,-200,-200,-200,-200
?,11/02/2016 15:36,-200,-80,-200,,,,,-200,-200,-200,-200,-200,-200
?,11/02/2016 15:36,-200,-80,,-200,,,,-200,-200,-200,-200,-200,-200
?,11/02/2016 15:36,-200,-80,-200,-200,,-200,,-200,-200,-200,-200,-200,-200
?,11/02/2016 15:36,-200,-80,,-200,,,-200,-200,-200,-200,-200,-200,-200
?,11/02/2016 15:36,-200,-80,,-200,,,-200,-200,-200,-200,-200,-200,-200
?,11/02/2016 15:36,-200,-200,-200,-200,,,,-200,-200,-200,-200,-200,-200
?,11/02/2016 15:36,-200,-200,-200,-200,,-200,,-200,-200,-200,-200,-200,-200
?,11/02/2016 15:37,-200,-200,-200,,,,,-200,-200,-200,-200,-200,-200
?,11/02/2016 15:37,-200,-200,-200,-200,,,,-200,-200,-200,-200,-200,-200
?,11/02/2016 15:37,-200,-200,,,,,,-200,-200,-200,-200,-200,-200
?,11/02/2016 15:37,-200,-200,-200,-200,,,,-200,-200,-200,-200,-200,-200
?,11/02/2016 15:37,-200,-200,-87,-200,,,,-200,-200,-200,-200,-200,-200
?,11/02/2016 15:37,-200,-200,-82,-200,,-79,,-200,-200,-200,-200,-200,-200
?,11/02/2016 15:37,-200,-200,-82,-200,,-80,-200,-200,-200,-200,-200,-200,-200
?,11/02/2016 15:37,-200,-80,-82,,,,-200,-200,-200,-200,-200,-200,-200
?,11/02/2016 15:37,-200,-81,,,,,-200,-200,-200,-200,-200,-200,-200
?,11/02/2016 15:37,-200,-80,-200,-200,,,-200,-200,-200,-200,-200,-200,-200
?,11/02/2016 15:37,-200,-81,-200,,,-200,-200,-200,-200,-200,-200,-200,-200
?,11/02/2016 15:37,-200,-81,-200,-200,,,-200,-200,-200,-200,-200,-200,-200
?,11/02/2016 15:37,-200,-81,-200,-200,,,-200,-200,-200,-200,-200,-200,-200
?,11/02/2016 15:37,-200,-81,,-200,,,,-200,-200,-200,-200,-200,-200
?,11/02/2016 15:37,-200,-200,,-200,,-200,-200,-200,-200,-200,-200,-200,-200
?,11/02/2016 15:37,-200,-200,-200,-200,,,,-200,-200,-200,-200,-200,-200
?,11/02/2016 15:37,-200,-81,-200,-200,,,,-200,-200,-200,-200,-200,-200
?,11/02/2016 15:37,-200,-80,-200,,,,-200,-200,-200,-200,-200,-200,-200
?,11/02/2016 15:37,-200,-80,,,,-200,,-200,-200,-200,-200,-200,-200
?,11/02/2016 15:37,-200,-80,,-200,,,,-200,-200,-200,-200,-200,-200
?,11/02/2016 15:37,-200,-80,-200,,,,-200,-200,-200,-200,-200,-200,-200
?,11/02/2016 15:37,-200,-200,,,,,,-200,-200,-200,-200,-200,-200
?,11/02/2016 15:37,-200,-200,-200,-200,,-200,,-200,-200,-200,-200,-200,-200
?,11/02/2016 15:37,-200,-200,,-200,,,,-200,-200,-200,-200,-200,-200
?,11/02/2016 15:37,-200,-200,-200,-200,,,,-200,-200,-200,-200,-200,-200
?,11/02/2016 15:37,-200,-200,-200,-200,,,,-200,-200,-200,-200,-200,-200
?,11/02/2016 15:37,-200,-200,-200,-200,,,-200,-200,-200,-200,-200,-200,-200
?,11/02/2016 15:37,-200,-200,-200,-200,,,,-200,-200,-200,-200,-200,-200
?,11/02/2016 15:39,-200,-71,-200,-200,,,-200,-200,-200,-200,-200,-200,-200
?,11/02/2016 15:39,-200,-72,-200,,,,,-200,-200,-200,-200,-200,-200
?,11/02/2016 15:39,-200,-77,-200,-200,,,-200,-200,-200,-200,-200,-200,-200
?,11/02/2016 15:39,-200,-76,,,,,-200,-200,-200,-200,-200,-200,-200
?,11/02/2016 15:39,-200,-75,-200,-200,,,,-200,-200,-200,-200,-200,-200
?,11/02/2016 15:39,-200,-75,-200,-200,,,-200,-200,-200,-200,-200,-200,-200
?,11/02/2016 15:39,-200,-80,-200,,,,,-81,-200,-200,-200,-200,-200
?,11/02/2016 15:39,-200,-79,,-200,,,,-81,-200,-200,-200,-200,-200
?,11/02/2016 15:39,-200,-79,-200,-200,,-200,,-77,-200,-200,-200,-200,-200
?,11/02/2016 15:39,-200,-81,-200,-200,,,-200,-77,-200,-200,-200,-200,-200
?,11/02/2016 15:39,-200,-79,-200,,,,,-77,-200,-200,-200,-200,-200
?,11/02/2016 15:39,-200,-79,,-200,,,-200,-77,-200,-200,-200,-200,-200
?,11/02/2016 15:39,-200,-79,-200,-200,,,-200,-74,-200,-200,-200,-200,-200
?,11/02/2016 15:39,-200,-79,-200,-200,,,,-75,-200,-200,-200,-200,-200
?,11/02/2016 15:39,-72,-200,,-200,,,,-76,-200,-200,-200,-200,-200
?,11/02/2016 15:39,-72,-200,-200,-200,,,-200,-76,-200,-200,-200,-200,-200
?,11/02/2016 15:39,-72,-200,-200,,,-200,,-76,-200,-200,-200,-200,-200
?,11/02/2016 15:39,-76,-200,,-200,-200,-200,,-76,-200,-200,-200,-200,-200
?,11/02/2016 15:39,-65,-200,-200,,,,,-76,-200,-200,-200,-200,-200
?,11/02/2016 15:39,-66,-200,-200,-200,,,,-200,-200,-200,-200,-200,-200
?,11/02/2016 15:39,-75,-200,-200,-200,,,-200,-200,-200,-200,-200,-200,-200
?,11/02/2016 15:39,-75,-200,-200,,,,-200,-200,-200,-200,-200,-200,-200
?,11/02/2016 15:39,-82,-200,-200,-200,,,-200,-200,-200,-200,-200,-200,-200
?,11/02/2016 15:39,-72,-200,-200,-200,,,,-200,-200,-200,-200,-200,-200
?,11/02/2016 15:39,-73,-200,-200,,,,-200,-200,-200,-200,-200,-200,-200
?,11/02/2016 15:39,-75,-200,-200,-200,,,,-200,-200,-200,-200,-200,-200
?,11/02/2016 15:39,-80,-200,-200,-200,-200,,,-200,-200,-200,-200,-200,-200
?,11/02/2016 15:39,-80,-200,-200,-200,-200,,-200,-200,-200,-200,-200,-200,-200
?,8/03/2016 10:21,-84,-200,-200,-200,,-200,,-200,-200,-200,-200,-200,-200
?,8/03/2016 10:21,-84,-200,-200,,,,,-200,-200,-200,-200,-200,-200
?,8/03/2016 10:22,-84,-200,-200,,,,,-200,-200,-200,-200,-200,-200
?,8/03/2016 10:22,-84,-200,-200,-200,,,-200,-200,-200,-200,-200,-200,-200
?,8/03/2016 10:22,-84,-200,-200,-200,-200,-200,,-200,-200,-200,-200,-200,-200
?,8/03/2016 10:22,-84,-200,,-200,-200,-200,,-200,-200,-200,-200,-200,-200
?,8/03/2016 10:22,-81,-200,-200,-200,-200,-200,-200,-200,-200,-200,-200,-200,-200
?,8/03/2016 10:22,-77,-200,-200,-200,,,,-200,-200,-200,-200,-200,-200
?,8/03/2016 10:22,-77,-200,,-200,-200,-200,-200,-200,-200,-200,-200,-200,-200
?,8/03/2016 10:22,-79,-200,-200,-200,,,,-200,-200,-200,-200,-200,-200
?,8/03/2016 10:22,-76,-200,-200,,,,-200,-200,-200,-200,-200,-200,-200
?,8/03/2016 10:22,-78,-200,,,-200,,-200,-200,-200,-200,-200,-200,-200
?,8/03/2016 10:22,-77,-200,-200,-200,,-200,,-200,-200,-200,-200,-200,-200
?,8/03/2016 10:22,-77,-200,-200,-200,,,,-200,-80,-200,-200,-200,-200
?,8/03/2016 10:22,-77,-200,-200,,,,-200,-200,-80,-200,-200,-200,-200
?,8/03/2016 10:22,-200,-200,-200,-200,,-200,-200,-200,-80,-200,-200,-200,-200
?,8/03/2016 10:22,-200,-200,-200,,,,,-200,-80,-200,-200,-200,-200
?,8/03/2016 10:22,-200,-200,-200,,,-200,-200,-200,-69,-200,-200,-200,-200
?,8/03/2016 10:22,-200,-200,,-200,-200,-200,-200,-200,-75,-200,-200,-200,-200
?,8/03/2016 10:22,-200,-200,,-200,-200,,,-200,-79,-200,-200,-200,-200
?,8/03/2016 10:22,-200,-200,,-200,-200,-200,-200,-200,-79,-200,-200,-200,-200
?,8/03/2016 10:22,-200,-200,-200,-200,,,-200,-200,-76,-200,-200,-200,-200
?,8/03/2016 10:22,-200,-200,-200,-200,-200,,,-200,-71,-200,-200,-200,-200
?,8/03/2016 10:22,-200,-200,-200,-200,-200,,,-200,-75,-200,-200,-200,-200
?,8/03/2016 10:22,-200,-200,-200,-200,,,,-200,-67,-200,-200,-200,-200
?,8/03/2016 10:22,-200,-200,-200,-200,,,,-200,-69,-200,-200,-200,-200
?,8/03/2016 10:22,-200,-200,-200,-200,,,-200,-200,-63,-200,-200,-200,-200
?,8/03/2016 10:22,-200,-200,-200,-200,,,,-200,-71,-80,-200,-200,-200
?,8/03/2016 10:22,-200,-200,-200,-200,-200,-200,-200,-200,-80,-80,-200,-200,-200
?,8/03/2016 10:22,-200,-200,-200,-200,,,,-200,-70,-80,-200,-200,-200
?,8/03/2016 10:22,-200,-200,-200,-200,,,,-200,-69,-80,-200,-200,-200
?,8/03/2016 10:22,-200,-200,,-200,-200,-200,,-200,-70,-80,-200,-200,-200
?,8/03/2016 10:22,-200,-200,-200,-200,,-200,-200,-200,-67,-80,-200,-200,-200
?,8/03/2016 10:22,-200,-200,,-200,-200,,-200,-200,-71,-80,-200,-200,-200
?,8/03/2016 10:22,-200,-200,-200,-200,,,-200,-200,-71,-80,-200,-200,-200
?,8/03/2016 10:22,-200,-200,-200,-200,-200,,,-200,-75,-80,-200,-200,-200
?,8/03/2016 10:22,-200,-200,-200,-200,,-200,,-200,-70,-80,-200,-200,-200
?,8/03/2016 10:22,-200,-200,-200,,,,,-200,-74,-200,-200,-200,-200
?,8/03/2016 10:22,-200,-200,,-200,-200,-200,,-200,-72,-200,-200,-200,-200
?,8/03/2016 10:22,-200,-200,-200,-200,,,,-200,-65,-200,-200,-200,-200
?,8/03/2016 10:22,-200,-200,-200,-200,,,-200,-200,-72,-200,-200,-200,-200
?,8/03/2016 10:22,-200,-200,-200,-200,,,,-200,-66,-200,-200,-200,-200
?,8/03/2016 10:22,-200,-200,-200,-200,,,,-200,-81,-200,-200,-200,-200
?,8/03/2016 10:22,-200,-200,-200,-200,-200,-200,-200,-200,-71,-200,-200,-200,-200
?,8/03/2016 10:22,-200,-200,,-200,-200,,,-200,-79,-200,-200,-200,-200
?,8/03/2016 10:22,-200,-200,-200,-200,,,-200,-200,-73,-79,-200,-200,-200
?,8/03/2016 10:22,-200,-200,-200,,,,,-200,-70,-80,-200,-200,-200
?,8/03/2016 10:22,-200,-200,,-200,-200,-200,,-200,-77,-80,-200,-200,-200
?,8/03/2016 10:22,-200,-200,,,-200,,,-200,-75,-80,-200,-200,-200
?,8/03/2016 10:22,-200,-200,-200,-200,,,,-200,-75,-80,-200,-200,-200
?,8/03/2016 10:22,-200,-200,-200,-200,,,-200,-200,-74,-200,-200,-200,-200
?,8/03/2016 10:22,-200,-200,-200,-200,,,,-200,-79,-200,-200,-200,-200
?,8/03/2016 10:22,-200,-200,-200,-200,-200,,,-200,-81,-200,-200,-200,-200
?,8/03/2016 10:22,-200,-200,-200,-200,,,,-200,-81,-200,-200,-200,-200
?,8/03/2016 10:23,-200,-200,-200,-200,,,,-200,-78,-200,-200,-200,-200
?,8/03/2016 10:23,-200,-200,-200,-200,,,,-200,-78,-200,-200,-200,-200
?,8/03/2016 10:23,-200,-200,-200,,,-200,-200,-200,-78,-200,-200,-200,-200
?,8/03/2016 10:23,-200,-200,-200,-200,,,,-200,-78,-200,-200,-200,-200
?,8/03/2016 10:23,-200,-200,-200,,,,-200,-200,-200,-80,-200,-200,-200
?,8/03/2016 10:23,-200,-200,-200,-200,,,,-200,-200,-78,-200,-200,-200
?,8/03/2016 10:23,-200,-200,-200,-200,-200,,,-200,-200,-78,-200,-200,-200
?,8/03/2016 10:23,-200,-200,,-200,-200,,,-200,-200,-79,-200,-200,-200
?,8/03/2016 10:23,-200,-200,,-200,-200,,-200,-200,-81,-77,-200,-200,-200
?,8/03/2016 10:23,-200,-200,-200,-200,,,,-200,-79,-78,-200,-200,-200
?,8/03/2016 10:23,-200,-200,-200,-200,-200,-200,,-200,-79,-78,-200,-200,-200
?,8/03/2016 10:23,-200,-200,,-200,-200,,,-200,-75,-78,-200,-200,-200
?,8/03/2016 10:23,-200,-200,-200,,,,,-200,-77,-78,-200,-200,-200
?,8/03/2016 10:23,-200,-200,-200,-200,-200,,,-200,-79,-78,-200,-200,-200
?,8/03/2016 10:23,-200,-200,,,-200,-200,,-200,-72,-200,-200,-200,-200
?,8/03/2016 10:23,-200,-200,-200,-200,,-200,,-200,-72,-200,-200,-200,-200
?,8/03/2016 10:23,-200,-200,-200,,,,-200,-200,-71,-200,-200,-200,-200
?,8/03/2016 10:23,-200,-200,-200,-200,,,,-200,-68,-200,-200,-200,-200
?,8/03/2016 10:23,-200,-200,-200,-200,,,-200,-200,-74,-200,-200,-200,-200
?,8/03/2016 10:23,-200,-200,-200,-200,,,,-200,-66,-200,-200,-200,-200
?,8/03/2016 10:23,-200,-200,-200,,,-200,,-200,-67,-200,-200,-200,-200
?,8/03/2016 10:23,-200,-200,-200,-200,-200,,-200,-200,-59,-200,-200,-200,-200
?,8/03/2016 10:23,-200,-200,-200,,,,-200,-200,-64,-200,-200,-200,-200
?,8/03/2016 10:23,-200,-200,-200,-200,-200,,,-200,-65,-200,-200,-200,-200
?,8/03/2016 10:23,-200,-200,-200,-200,-200,,,-200,-66,-200,-200,-200,-200
?,8/03/2016 10:23,-200,-200,-200,-200,-200,,-200,-200,-67,-200,-200,-200,-200
?,8/03/2016 10:23,-200,-200,,,-200,-200,,-200,-64,-200,-200,-200,-200
?,8/03/2016 10:23,-200,-200,-200,-200,-200,,,-200,-62,-200,-200,-200,-200
?,8/03/2016 10:23,-200,-200,,-200,-200,-200,,-200,-62,-200,-200,-200,-200
?,8/03/2016 10:23,-200,-200,,,-200,,-200,-200,-62,-200,-200,-200,-200
?,8/03/2016 10:23,-200,-200,-200,-200,,,,-200,-65,-200,-200,-200,-200
?,8/03/2016 10:23,-200,-200,-200,-200,,,-200,-200,-63,-200,-200,-200,-200
?,8/03/2016 10:23,-200,,-200,,,,-200,-200,-63,-200,-200,-200,-200
?,8/03/2016 10:23,-200,-200,-200,-200,,,,-200,-63,-200,-200,-200,-200
?,8/03/2016 10:23,-200,-200,,-200,-200,-200,-200,-200,-63,-200,-200,-200,-200
?,8/03/2016 10:23,-200,-200,,,-200,,-200,-200,-71,-200,-200,-200,-200
?,8/03/2016 10:23,-200,-200,-200,-200,,,,-200,-71,-200,-200,-200,-200
?,8/03/2016 10:23,-200,-200,-200,-200,-200,,,-200,-60,-200,-200,-200,-200
?,8/03/2016 10:23,-200,-200,,-200,-200,,,-200,-60,-200,-200,-200,-200
?,8/03/2016 10:23,-200,-200,,-200,-200,,,-200,-59,-200,-200,-200,-200
?,8/03/2016 10:23,-200,-200,-200,,,,,-200,-61,-200,-200,-200,-200
?,8/03/2016 10:24,-200,-200,-200,-200,,,,-200,-60,-200,-200,-200,-200
?,8/03/2016 10:24,-200,-200,-200,-200,-200,,,-200,-60,-200,-200,-200,-200
?,8/03/2016 10:24,-200,-200,-200,-200,-200,,-200,-200,-59,-200,-200,-200,-200
?,8/03/2016 10:24,-200,-200,,-200,-200,,,-200,-60,-200,-200,-200,-200
?,8/03/2016 10:24,-200,-200,,,-200,-200,-200,-200,-77,-200,-200,-200,-200
?,8/03/2016 10:24,-200,-200,-200,-200,,-200,-200,-200,-71,-200,-200,-200,-200
?,8/03/2016 10:24,-200,-200,-200,-200,,,-200,-200,-68,-200,-200,-200,-200
?,8/03/2016 10:24,-200,-200,-200,-200,-200,,,-200,-67,-200,-200,-200,-200
?,8/03/2016 10:24,-200,-200,-200,-200,-200,,,-200,-78,-77,-200,-200,-200
?,8/03/2016 10:24,-200,-200,-200,,,,,-200,-79,-77,-200,-200,-200
?,8/03/2016 10:24,-200,-200,-200,,,,-200,-200,-75,-77,-200,-200,-200
?,8/03/2016 10:24,-200,-200,,,-200,-200,,-200,-80,-77,-200,-200,-200
?,8/03/2016 10:24,-200,-200,-200,,,,,-200,-75,-77,-200,-200,-200
?,8/03/2016 10:24,-200,-200,-200,,,,-200,-200,-78,-81,-200,-200,-200
?,8/03/2016 10:24,-200,-200,-200,-200,,-200,,-200,-79,-78,-200,-200,-200
?,8/03/2016 10:24,-200,-200,-200,-200,-200,-200,,-200,-79,-80,-200,-200,-200
?,8/03/2016 10:24,-200,-200,-200,-200,,,,-200,-79,-79,-200,-200,-200
?,8/03/2016 10:24,-200,-200,-200,,,,-200,-200,-79,-79,-200,-200,-200
?,8/03/2016 10:24,-200,-200,-200,,,,,-200,-200,-74,-200,-200,-200
?,8/03/2016 10:24,-200,-200,,,-200,,,-200,-200,-79,-200,-200,-200
?,8/03/2016 10:24,-200,-200,-200,-200,,,,-200,-200,-78,-200,-200,-200
?,8/03/2016 10:24,-200,-200,-200,-200,-200,-200,-200,-200,-200,-75,-200,-200,-200
?,8/03/2016 10:24,-200,-200,-200,-200,,-200,-200,-200,-200,-66,-200,-200,-200
?,8/03/2016 10:24,-200,-200,-200,-200,,,-200,-200,-200,-70,-200,-200,-200
?,8/03/2016 10:24,-200,-200,,,-200,,-200,-200,-200,-66,-200,-200,-200
?,8/03/2016 10:24,-200,-200,-200,,,-200,,-200,-200,-60,-200,-77,-200
?,8/03/2016 10:24,-200,-200,-200,-200,-200,,,-200,-200,-65,-200,-81,-200
?,8/03/2016 10:24,-200,-200,-200,,,-200,,-200,-81,-61,-200,-79,-200
?,8/03/2016 10:24,-200,-200,-200,-200,-200,,,-200,-79,-62,-200,-79,-200
?,8/03/2016 10:24,-200,-200,,-200,-200,,-200,-200,-79,-72,-79,-79,-200
?,8/03/2016 10:24,-200,-200,-200,-200,-200,-200,,-200,-79,-65,-79,-200,-200
?,8/03/2016 10:24,-200,-200,-200,-200,,-81,-200,-200,-200,-65,-80,-200,-200
?,8/03/2016 10:24,-200,-200,-200,-200,,,-200,-200,-80,-65,-73,-200,-200
?,8/03/2016 10:24,-200,-200,-200,-200,,,,-200,-79,-65,-78,-200,-200
?,8/03/2016 10:24,-200,-200,-200,,,-81,,-200,-79,-200,-78,-200,-200
?,8/03/2016 10:24,-200,-200,-200,,,,-200,-200,-79,-200,-78,-200,-200
?,8/03/2016 10:24,-200,-200,-200,-200,,,-200,-200,-79,-200,-68,-200,-200
?,8/03/2016 10:24,-200,-200,-200,-200,,-200,-200,-200,-200,-200,-71,-79,-200
?,8/03/2016 10:24,-200,-200,,-200,-200,,,-200,-200,-200,-72,-79,-200
?,8/03/2016 10:24,-200,-200,-200,-200,,,,-200,-200,-80,-73,-79,-200
?,8/03/2016 10:24,-200,-200,-200,-200,-200,,-200,-200,-200,-79,-84,-79,-200
?,8/03/2016 10:24,-200,-200,-200,-200,-200,-200,,-200,-200,-79,-80,-79,-200
?,8/03/2016 10:25,-200,-200,-200,,,,-200,-200,-200,-76,-71,-200,-200
?,8/03/2016 10:25,-200,-200,-200,-200,,-200,-200,-200,-200,-76,-65,-200,-200
?,8/03/2016 10:25,-200,-200,-200,,,,,-200,-200,-76,-63,-200,-200
?,8/03/2016 10:25,-200,-200,,,-200,,-200,-200,-200,-76,-62,-200,-200
?,8/03/2016 10:25,-200,-200,-200,-200,,,,-200,-200,-200,-62,-78,-200
?,8/03/2016 10:25,-200,-200,,-200,-200,-200,,-200,-200,-200,-63,-79,-200
?,8/03/2016 10:25,-200,-200,-200,-200,,,-200,-200,-200,-200,-70,-81,-200
?,8/03/2016 10:25,-200,-200,-200,-200,,,,-200,-200,-200,-68,-79,-200
?,8/03/2016 10:25,-200,-200,-200,,,,,-75,-200,-200,-77,-80,-200
?,8/03/2016 10:25,-200,-200,-200,-200,,,,-75,-200,-200,-77,-79,-200
?,8/03/2016 10:25,-200,-200,-200,,,,,-75,-200,-87,-81,-79,-200
?,8/03/2016 10:25,-200,-200,-200,-200,-200,,,-75,-81,-84,-76,-79,-85
?,8/03/2016 10:25,-200,-200,-200,,,,,-75,-80,-82,-79,-79,-78
?,8/03/2016 10:25,-200,-200,-200,-200,,,-200,-200,-80,-82,-79,-79,-81
?,8/03/2016 10:25,-200,-200,-200,-200,,,,-200,-80,-82,-80,-200,-81
?,8/03/2016 10:25,-200,-200,-200,,,-200,,-200,-80,-82,-79,-82,-81
?,8/03/2016 10:25,-200,-200,-200,,,-200,,-200,-200,-200,-79,-77,-81
?,8/03/2016 10:25,-200,-200,,-200,-200,-200,,-200,-200,-200,-79,-79,-200
?,8/03/2016 10:25,-200,-200,,-200,-200,,-200,-200,-200,-200,-79,-81,-200
?,8/03/2016 10:25,-200,-200,-200,,,,,-200,-200,-200,-200,-73,-200
?,8/03/2016 10:25,-200,-200,,,-200,-200,,-200,-200,-200,-84,-79,-200
?,8/03/2016 10:25,-200,-200,,-200,-200,-200,,-200,-200,-200,-80,-74,-200
?,8/03/2016 10:25,-200,-200,,-200,-200,,-200,-200,-200,-200,-80,-77,-200
?,8/03/2016 10:25,-200,-200,-200,-200,,,-200,-200,-200,-200,-80,-80,-200
?,8/03/2016 10:25,-200,-200,-200,-200,-200,,-200,-200,-200,-200,-80,-77,-200
?,8/03/2016 10:25,-200,-200,,-200,-200,-200,,-200,-200,-200,-80,-77,-200
?,8/03/2016 10:25,-200,-200,-200,-200,-200,,,-200,-200,-87,-200,-69,-200
?,8/03/2016 10:25,-200,-200,,-200,-200,,-200,-200,-200,-90,-200,-67,-200
?,8/03/2016 10:25,-200,-200,,,-200,,-200,-200,-200,-85,-200,-67,-200
?,8/03/2016 10:25,-200,-200,-200,,,-200,,-200,-200,-85,-200,-65,-200
?,8/03/2016 10:25,-200,-200,,-200,-200,-200,,-200,-200,-85,-200,-70,-200
?,8/03/2016 10:25,-200,-200,-200,-200,-200,,,-200,-200,-85,-200,-67,-200
?,8/03/2016 10:25,-200,-200,-200,-200,,,,-200,-200,-200,-200,-64,-200
?,8/03/2016 10:25,-200,-200,-200,-200,,,,-200,-200,-200,-200,-65,-200
?,8/03/2016 10:25,-200,-200,-200,-200,-200,,-200,-200,-200,-200,-200,-65,-200
?,8/03/2016 10:25,-200,-200,-200,-200,-200,-200,,-200,-200,-200,-200,-64,-200
?,8/03/2016 10:25,-200,-200,-200,-200,-200,-200,,-200,-200,-200,-200,-64,-200
?,8/03/2016 10:25,-200,-200,-200,-200,,-200,,-200,-200,-200,-200,-64,-200
?,8/03/2016 10:25,-200,-200,,,-200,-200,,-200,-200,-200,-200,-65,-200
?,8/03/2016 10:25,-200,-200,-200,-200,,,-200,-200,-200,-200,-200,-65,-200
?,8/03/2016 10:25,-200,-200,-200,-200,,-200,-200,-200,-200,-200,-200,-65,-200
?,8/03/2016 10:25,-200,-200,-200,-200,,,,-200,-200,-200,-200,-58,-200
?,8/03/2016 10:25,-200,-200,-200,-200,,-200,,-200,-200,-200,-200,-58,-200
?,8/03/2016 10:25,-200,-200,-200,-200,,,-200,-200,-200,-200,-200,-66,-79
?,8/03/2016 10:25,-200,-200,-200,-200,-200,,-200,-200,-200,-200,-200,-66,-79
?,8/03/2016 10:25,-200,-200,-200,-200,,,-200,-200,-200,-200,-200,-67,-82
?,8/03/2016 10:25,-200,-200,-200,-200,,,,-200,-200,-200,-200,-69,-81
?,8/03/2016 10:25,-200,-200,,-200,-200,-200,-200,-200,-200,-200,-200,-69,-81
?,8/03/2016 10:25,-200,-200,,-200,-200,,,-200,-200,-200,-200,-71,-81
?,8/03/2016 10:25,-200,-200,-200,-200,,,,-200,-200,-200,-200,-70,-200
?,8/03/2016 10:25,-200,-200,-200,-200,,-200,,-200,-200,-200,-200,-69,-82
?,8/03/2016 10:25,-200,-200,,-200,-200,,,-200,-200,-200,-200,-69,-81
?,8/03/2016 10:25,-200,-200,-200,,,,,-200,-200,-200,-200,-69,-79
?,8/03/2016 10:25,-200,-200,-200,-200,,,-200,-200,-200,-200,-200,-200,-77
?,8/03/2016 10:25,-200,-200,-200,-200,,,,-200,-200,-200,-200,-200,-77
?,8/03/2016 10:25,-200,-200,,-200,-200,-200,,-200,-200,-200,-200,-200,-76
?,8/03/2016 10:26,-200,-200,-200,-200,,-200,-200,-200,-200,-200,-200,-200,-77
?,8/03/2016 10:26,-200,-200,-200,,,-200,,-200,-200,-200,-200,-200,-79
?,8/03/2016 10:26,-200,-200,-200,-200,-200,-200,-200,-200,-200,-200,-200,-200,-79
?,8/03/2016 10:26,-200,-200,-200,-200,,,-200,-200,-200,-200,-200,-200,-78
?,8/03/2016 10:26,-200,-200,,-200,-200,,,-200,-200,-200,-200,-200,-78
?,8/03/2016 10:26,-200,-200,-200,-200,-200,,-200,-200,-200,-200,-200,-200,-78
?,8/03/2016 10:26,-200,-200,-200,-200,,,-200,-200,-200,-200,-200,-200,-78
?,8/03/2016 10:26,-200,-200,-200,,,-200,-200,-200,-200,-200,-200,-200,-78
?,8/03/2016 10:26,-200,-200,-200,,,,-200,-200,-200,-200,-200,-81,-79
?,8/03/2016 10:26,-200,-200,-200,-200,-200,,,-200,-200,-200,-200,-85,-77
?,8/03/2016 10:26,-200,-200,,-200,-200,,-200,-200,-200,-200,-200,-75,-77
?,8/03/2016 10:26,-200,-200,,-200,-200,,-200,-200,-200,-200,-200,-75,-78
?,8/03/2016 10:26,-200,-200,-200,-200,-200,-200,,-200,-200,-200,-200,-75,-78
?,8/03/2016 10:26,-200,-200,-200,,,,,-200,-200,-200,-200,-77,-78
?,8/03/2016 10:26,-200,-200,-200,,,,,-200,-200,-200,-200,-86,-77
?,8/03/2016 10:26,-200,-200,-200,,,-200,,-200,-200,-200,-200,-80,-77
?,8/03/2016 10:26,-200,-200,-200,-200,-200,-200,-200,-200,-200,-200,-200,-80,-74
?,8/03/2016 10:26,-200,-200,-200,-200,,,,-200,-200,-200,-200,-80,-74
?,8/03/2016 10:26,-200,-200,-200,-200,,,,-200,-200,-200,-200,-80,-76
?,8/03/2016 10:26,-200,-200,-200,-200,-200,,-200,-200,-200,-200,-200,-200,-72
?,8/03/2016 10:26,-200,-200,,-200,-200,,,-200,-200,-200,-200,-200,-72
?,8/03/2016 10:26,-200,-200,-200,,,,,-200,-200,-200,-200,-200,-77
?,8/03/2016 10:26,-200,-200,-200,-200,-200,-200,,-200,-200,-200,-200,-200,-72
?,8/03/2016 10:26,-200,-200,,-200,-200,,,-200,-200,-200,-200,-200,-69
?,8/03/2016 10:26,-200,-200,-200,,,,,-200,-200,-200,-200,-200,-69
?,8/03/2016 10:26,-200,-200,,-200,-200,-200,,-200,-200,-200,-200,-200,-67
?,8/03/2016 10:26,-200,-200,-200,-200,,-200,-200,-200,-200,-200,-200,-200,-65
?,8/03/2016 10:26,-200,-200,,-200,-200,-200,-200,-200,-200,-200,-200,-200,-63
?,8/03/2016 10:26,-200,-200,-200,,,,,-200,-200,-200,-200,-200,-63
?,8/03/2016 10:26,-200,-200,-200,-200,,,,-200,-200,-200,-200,-200,-67
?,8/03/2016 10:26,-200,-200,-200,,,,-200,-200,-200,-200,-200,-200,-69
?,8/03/2016 10:26,-200,-200,-200,-200,,-200,,-200,-200,-200,-200,-200,-63
?,8/03/2016 10:26,-200,-200,-200,,,,,-200,-200,-200,-200,-200,-63
?,8/03/2016 10:26,-200,-200,-200,-200,-200,-200,,-200,-200,-200,-200,-200,-63
?,8/03/2016 10:26,-200,-200,-200,-200,,-200,-200,-200,-200,-200,-200,-200,-63
?,8/03/2016 10:26,-200,-200,-200,-200,-200,,,-200,-200,-200,-200,-200,-62
?,8/03/2016 10:26,-200,-200,-200,-200,-200,,,-200,-200,-200,-200,-200,-61
?,8/03/2016 10:26,-200,-200,-200,-200,,-200,-200,-200,-200,-200,-200,-200,-64
?,8/03/2016 10:26,-200,-200,-200,,,-200,,-200,-200,-200,-200,-200,-64
?,8/03/2016 10:26,-200,-200,-200,,,-200,-200,-200,-200,-200,-200,-200,-66
?,8/03/2016 10:26,-200,-200,-200,,,-200,,-200,-200,-200,-200,-200,-66
?,8/03/2016 10:26,-200,-200,-200,-200,,-200,,-200,-200,-200,-200,-200,-70
?,8/03/2016 10:26,-200,-200,-200,,,,,-200,-200,-200,-200,-200,-74
?,8/03/2016 10:26,-200,-200,-200,-200,-200,,-200,-200,-200,-200,-200,-200,-75
?,8/03/2016 10:26,-200,-200,,-200,-200,,,-200,-200,-200,-200,-200,-74
?,8/03/2016 10:26,-200,-200,-200,-200,-200,-200,-200,-200,-200,-200,-200,-200,-74
?,8/03/2016 10:26,-200,-200,-200,-200,,,,-200,-200,-200,-200,-200,-73
?,8/03/2016 10:26,-200,-200,-200,-200,,,,-200,-200,-200,-200,-200,-73
?,8/03/2016 10:28,-200,-200,-200,-200,,,-200,-200,-200,-200,-200,-200,-82
?,8/03/2016 10:28,-200,-200,-200,-200,-200,,-200,-200,-200,-200,-200,-200,-82
?,8/03/2016 10:28,-200,-200,-200,,,,-200,-200,-200,-200,-200,-200,-77
?,8/03/2016 10:28,-200,-200,-200,,,,,-200,-200,-200,-200,-200,-79
?,8/03/2016 10:28,-200,-200,,-200,-200,-200,-200,-200,-200,-200,-200,-200,-79
?,8/03/2016 10:28,-200,-200,,-200,-200,,-200,-200,-200,-200,-200,-200,-79
?,8/03/2016 10:28,-200,-200,-200,-200,-200,,,-200,-200,-200,-200,-200,-77
?,8/03/2016 10:28,-200,-200,-200,-200,,,-200,-200,-200,-200,-200,-200,-77
?,8/03/2016 10:28,-200,-200,-200,-200,,,,-200,-200,-200,-200,-200,-78
?,8/03/2016 10:28,-200,-200,-200,,,-200,-200,-200,-200,-200,-200,-200,-77
?,8/03/2016 10:28,-200,-200,-200,,,,,-200,-200,-200,-200,-200,-71
?,8/03/2016 10:28,-200,-200,-200,-200,,,,-200,-200,-200,-200,-200,-66
?,8/03/2016 10:28,-200,-200,-200,,,,,-200,-200,-200,-200,-200,-64
?,8/03/2016 10:28,-200,-200,-200,,,,-200,-200,-200,-200,-200,-200,-62
?,8/03/2016 10:28,-200,-200,-200,-200,-200,,-200,-200,-200,-200,-200,-200,-70
?,8/03/2016 10:28,-200,-200,-200,-200,-200,-200,-200,-200,-200,-200,-200,-200,-70
?,8/03/2016 10:28,-200,-200,-200,-200,,,-200,-200,-200,-200,-200,-200,-70
?,8/03/2016 10:28,-200,-200,-200,,,,,-200,-200,-200,-200,-200,-71
?,8/03/2016 10:28,-200,-200,-200,-200,-200,,,-200,-200,-200,-200,-200,-66
?,8/03/2016 10:28,-200,-200,-200,,,,,-200,-200,-200,-200,-200,-66
?,8/03/2016 10:28,-200,-200,-200,-200,,,,-200,-200,-200,-200,-200,-70
?,8/03/2016 10:28,-200,-200,-200,,,,,-200,-200,-200,-200,-200,-67
?,8/03/2016 10:28,-200,-200,-200,,,,,-200,-200,-200,-200,-200,-66
?,8/03/2016 10:28,-200,-200,-200,,,,,-200,-200,-200,-200,-200,-66
?,8/03/2016 10:28,-200,-200,-200,-200,-200,-200,-200,-200,-200,-200,-200,-200,-73
?,8/03/2016 10:28,-200,-200,-200,-200,,,,-200,-200,-200,-200,-200,-73
?,8/03/2016 10:28,-200,-200,-200,-200,-200,,,-200,-200,-200,-200,-200,-73
?,8/03/2016 10:28,-200,-200,,-200,-200,,,-200,-200,-200,-200,-200,-80
?,8/03/2016 10:28,-200,-200,-200,-200,,-200,,-200,-200,-200,-200,-200,-80
?,8/03/2016 10:28,-200,-200,,-200,-200,,,-200,-200,-200,-200,-200,-76
?,8/03/2016 10:28,-200,-200,-200,-200,,,,-200,-200,-200,-200,-200,-76
?,8/03/2016 10:28,-200,-200,-200,,,,-200,-200,-200,-200,-200,-200,-76
?,8/03/2016 10:28,-200,-200,,-200,-200,-200,,-200,-200,-200,-200,-200,-76
?,8/03/2016 10:28,-200,-200,-200,,,,-200,-200,-200,-200,-200,-200,-80
?,8/03/2016 10:28,-200,-200,-200,,,,,-200,-200,-200,-200,-200,-80
?,8/03/2016 10:28,-200,-200,-200,-200,,,-200,-200,-200,-200,-200,-200,-79
?,8/03/2016 10:28,-200,-200,-200,,,,,-200,-200,-200,-200,-200,-79
?,8/03/2016 10:28,-200,-200,,,-200,,,-200,-200,-200,-200,-200,-79
?,8/03/2016 10:28,-200,-200,-200,-200,,-200,,-200,-200,-200,-200,-200,-79
?,8/03/2016 10:29,-200,-200,,-200,-200,,,-200,-200,-200,-200,-200,-200
?,8/03/2016 10:29,-200,-200,-200,,,,,-200,-200,-200,-200,-200,-200
?,8/03/2016 10:29,-200,-200,-200,,,,,-200,-200,-200,-200,-200,-200
?,8/03/2016 10:29,-200,-200,-200,-200,-200,,,-200,-200,-200,-200,-200,-200
?,8/03/2016 10:29,-200,-200,-200,-200,-200,-81,,-200,-200,-200,-200,-200,-200
?,8/03/2016 10:29,-200,-200,-200,-200,,,-79,-200,-200,-200,-200,-200,-200
?,8/03/2016 10:29,-200,-200,-200,-200,,,-79,-200,-200,-200,-200,-200,-200
?,8/03/2016 10:29,-200,-200,-200,-87,,,,-200,-200,-200,-200,-200,-200
?,8/03/2016 10:29,-200,-200,,-84,-200,,,-200,-200,-200,-200,-200,-200
?,8/03/2016 10:29,-200,-200,,-84,-200,,-80,-200,-200,-200,-200,-200,-200
?,8/03/2016 10:29,-200,-200,-200,-84,,-79,,-200,-200,-200,-200,-200,-200
?,8/03/2016 10:29,-200,-200,,,-200,-82,-75,-200,-200,-200,-200,-200,-200
?,8/03/2016 10:29,-200,-200,,-200,-200,,,-200,-200,-200,-200,-200,-200
?,8/03/2016 10:29,-200,-200,-200,-200,,,,-200,-200,-200,-200,-200,-200
?,8/03/2016 10:29,-200,-200,-200,-200,-200,,,-200,-200,-200,-200,-200,-200
?,8/03/2016 10:29,-200,-200,-200,-200,,-76,-75,-200,-200,-200,-200,-200,-200
?,8/03/2016 10:29,-200,-200,,-200,-200,,,-200,-200,-200,-200,-200,-200
?,8/03/2016 10:29,-200,-200,-200,,,,,-200,-200,-200,-200,-200,-200
?,8/03/2016 10:29,-200,-200,-200,-200,,,,-200,-200,-200,-200,-200,-200
?,8/03/2016 10:29,-200,-200,-200,-200,,-78,,-200,-200,-200,-200,-200,-200
?,8/03/2016 10:29,-200,-200,-200,-200,,,-77,-200,-200,-200,-200,-200,-200
?,8/03/2016 10:29,-200,-200,-200,-200,,,-76,-200,-200,-200,-200,-200,-200
?,8/03/2016 10:29,-200,-200,,,-200,-200,,-200,-200,-200,-200,-200,-200
?,8/03/2016 10:29,-200,-200,,-82,-200,,,-200,-200,-200,-200,-200,-200
?,8/03/2016 10:29,-200,-200,-200,-83,,,,-200,-200,-200,-200,-200,-200
?,8/03/2016 10:29,-200,-200,-200,-83,,-79,,-200,-200,-200,-200,-200,-200
?,8/03/2016 10:29,-200,-200,-200,-83,,,,-200,-200,-200,-200,-200,-200
?,8/03/2016 10:29,-200,-200,,-83,,,,-200,-200,-200,-200,-200,-200
?,8/03/2016 10:29,-200,-200,,-200,,,,-200,-200,-200,-200,-200,-200
?,8/03/2016 10:29,-200,-200,,-200,,,-70,-200,-200,-200,-200,-200,-200
?,8/03/2016 10:29,-200,-200,,-200,-200,,,-200,-200,-200,-200,-200,-200
?,8/03/2016 10:29,-200,-200,-200,-200,,,,-200,-200,-200,-200,-200,-200
?,8/03/2016 10:29,-200,-200,-200,,,-78,,-200,-200,-200,-200,-200,-200
?,8/03/2016 10:29,-200,-200,-200,-200,,-76,,-200,-200,-200,-200,-200,-200
?,8/03/2016 10:29,-200,-200,-200,-200,,,,-200,-200,-200,-200,-200,-200
?,8/03/2016 10:29,-200,-200,,-81,-200,,-71,-200,-200,-200,-200,-200,-200
?,8/03/2016 10:29,-200,-200,-200,-80,,-86,,-200,-200,-200,-200,-200,-200
?,8/03/2016 10:29,-200,-200,,,-200,,,-200,-200,-200,-200,-200,-200
?,8/03/2016 10:29,-200,-200,-200,,,,,-200,-200,-200,-200,-200,-200
?,8/03/2016 10:29,-200,-200,,-79,-200,,-79,-200,-200,-200,-200,-200,-200
?,8/03/2016 10:29,-200,-200,-200,,,-80,,-200,-200,-200,-200,-200,-200
?,8/03/2016 10:29,-200,-200,-200,,,,,-200,-200,-200,-200,-200,-200
?,8/03/2016 10:29,-200,-200,-200,,,,,-200,-200,-200,-200,-200,-200
?,8/03/2016 10:29,-200,-200,-200,-78,-200,-200,,-200,-200,-200,-200,-200,-200
?,8/03/2016 10:29,-200,-200,-200,-79,,-200,,-200,-200,-200,-200,-200,-200
?,8/03/2016 10:29,-200,-200,,,-200,,,-200,-200,-200,-200,-200,-200
?,8/03/2016 10:29,-200,-200,-200,,,,,-200,-200,-200,-200,-200,-200
?,8/03/2016 10:30,-200,-200,-200,-79,-200,,,-200,-200,-200,-200,-200,-200
?,8/03/2016 10:30,-200,-200,-200,,,-82,,-200,-200,-200,-200,-200,-200
?,8/03/2016 10:30,-200,-200,-200,,,,,-200,-200,-200,-200,-200,-200
?,8/03/2016 10:30,-200,-200,-200,-200,,,-200,-200,-200,-200,-200,-200,-200
?,8/03/2016 10:30,-200,-200,-200,-200,,,,-200,-200,-200,-200,-200,-200
?,8/03/2016 10:30,-200,-200,-200,-200,,,,-200,-200,-200,-200,-200,-200
?,8/03/2016 10:30,-200,-200,,,-200,-80,,-200,-200,-200,-200,-200,-200
?,8/03/2016 10:30,-200,-200,-200,-200,-200,,-200,-200,-200,-200,-200,-200,-200
?,8/03/2016 10:30,-200,-200,-200,,,,,-200,-200,-200,-200,-200,-200
?,8/03/2016 10:30,-200,-200,-200,-200,,,,-200,-200,-200,-200,-200,-200
?,8/03/2016 10:30,-200,-200,-200,-81,-200,,,-200,-200,-200,-200,-200,-200
?,8/03/2016 10:30,-200,-200,,-80,-200,,,-87,-200,-200,-200,-200,-200
?,8/03/2016 10:30,-200,-200,-80,-80,-200,-72,,-85,-200,-200,-200,-200,-200
?,8/03/2016 10:30,-200,-200,-77,-80,-200,,-200,-82,-200,-200,-200,-200,-200
?,8/03/2016 10:30,-200,-200,-75,,-200,,,-82,-200,-200,-200,-200,-200
?,8/03/2016 10:30,-200,-80,-75,-80,-200,,-200,-82,-200,-200,-200,-200,-200
?,8/03/2016 10:30,-200,-80,-83,-200,-200,-66,-200,-82,-200,-200,-200,-200,-200
?,8/03/2016 10:30,-200,-80,-82,,-200,,,-200,-200,-200,-200,-200,-200
?,8/03/2016 10:30,-200,-80,,,-200,,,-200,-200,-200,-200,-200,-200
?,8/03/2016 10:30,-200,-81,-77,-200,,,,-200,-200,-200,-200,-200,-200
?,8/03/2016 10:30,-200,-80,,-200,,,,-200,-200,-200,-200,-200,-200
?,8/03/2016 10:30,-200,-81,-81,-200,,,,-200,-200,-200,-200,-200,-200
?,8/03/2016 10:30,-200,-81,,-200,,,-200,-200,-200,-200,-200,-200,-200
?,8/03/2016 10:30,-200,-79,,-200,,,,-200,-200,-200,-200,-200,-200
?,8/03/2016 10:30,-200,-80,,-200,,,-200,-200,-200,-200,-200,-200,-200
?,8/03/2016 10:30,-200,-80,-80,-200,,-75,-200,-200,-200,-200,-200,-200,-200
?,8/03/2016 10:30,-200,-80,,-200,,,,-200,-200,-200,-200,-200,-200
?,8/03/2016 10:30,-200,-79,-200,-200,,,,-200,-200,-200,-200,-200,-200
?,8/03/2016 10:30,-200,-80,,-200,,,-200,-200,-200,-200,-200,-200,-200
?,8/03/2016 10:30,-200,-80,,-200,,,-200,-200,-200,-200,-200,-200,-200
?,8/03/2016 10:30,-200,-80,-74,-200,,-77,-200,-200,-200,-200,-200,-200,-200
?,8/03/2016 10:30,-200,-75,,,,-77,,-200,-200,-200,-200,-200,-200
?,8/03/2016 10:30,-200,-79,-77,-81,-200,-200,,-200,-200,-200,-200,-200,-200
?,8/03/2016 10:30,-200,-79,-78,-81,-200,,,-200,-200,-200,-200,-200,-200
?,8/03/2016 10:30,-200,-78,-76,,-200,,,-200,-200,-200,-200,-200,-200
?,8/03/2016 10:30,-200,-78,,,-200,-200,,-200,-200,-200,-200,-200,-200
?,8/03/2016 10:30,-200,-77,-80,-200,-200,,-200,-200,-200,-200,-200,-200,-200
?,8/03/2016 10:30,-200,-81,-78,-200,-200,,-200,-200,-200,-200,-200,-200,-200
?,8/03/2016 10:30,-200,-79,-77,-200,-200,,,-200,-200,-200,-200,-200,-200
?,8/03/2016 10:30,-200,-78,-78,,-200,,,-200,-200,-200,-200,-200,-200
?,8/03/2016 10:30,-200,-77,,,-200,,,-200,-200,-200,-200,-200,-200
?,8/03/2016 10:30,-200,-78,-72,-200,-200,,-200,-200,-200,-200,-200,-200,-200
?,8/03/2016 10:30,-200,-78,-75,,-200,,-200,-200,-200,-200,-200,-200,-200
?,8/03/2016 10:30,-200,-73,,-200,-200,,-200,-200,-200,-200,-200,-200,-200
?,8/03/2016 10:30,-200,-77,-77,-200,-200,,,-200,-200,-200,-200,-200,-200
?,8/03/2016 10:30,-200,-77,-76,-200,-200,-200,,-200,-200,-200,-200,-200,-200
?,8/03/2016 10:30,-200,-79,,-200,-200,,,-200,-200,-200,-200,-200,-200
?,8/03/2016 10:30,-200,-78,,-200,-200,,-200,-200,-200,-200,-200,-200,-200
?,8/03/2016 10:30,-200,-78,-77,-200,-200,,,-200,-200,-200,-200,-200,-200
?,8/03/2016 10:30,-200,-78,-77,,-200,,,-200,-200,-200,-200,-200,-200
?,8/03/2016 10:30,-200,-78,,-200,-200,-80,,-200,-200,-200,-200,-200,-200
?,8/03/2016 10:30,-200,-79,-78,-200,-200,,-200,-200,-200,-200,-200,-200,-200
?,8/03/2016 10:30,-200,-77,,-200,-200,,,-200,-200,-200,-200,-200,-200
?,8/03/2016 10:30,-200,-77,,-200,-200,-80,,-200,-200,-200,-200,-200,-200
?,8/03/2016 10:30,-200,-75,,,-200,,-200,-81,-200,-200,-200,-200,-200
?,8/03/2016 10:30,-200,-77,-200,-200,,,,-88,-200,-200,-200,-200,-200
?,8/03/2016 10:30,-200,-77,-77,-200,-200,,-200,-83,-200,-200,-200,-200,-200
?,8/03/2016 10:30,-200,-77,-78,,-200,,-200,-83,-200,-200,-200,-200,-200
?,8/03/2016 10:30,-200,-77,-74,,,,-200,-83,-200,-200,-200,-200,-200
?,8/03/2016 10:31,-200,-71,-72,,,-78,-200,-83,-200,-200,-200,-200,-200
?,8/03/2016 10:31,-200,-75,-76,-200,,-80,,-200,-200,-200,-200,-200,-200
?,8/03/2016 10:31,-200,-75,-76,-200,,,-200,-200,-200,-200,-200,-200,-200
?,8/03/2016 10:31,-200,-74,,,,,,-200,-200,-200,-200,-200,-200
?,8/03/2016 10:31,-200,-80,-76,-200,,,,-200,-200,-200,-200,-200,-200
?,8/03/2016 10:31,-200,-76,-200,-200,,,,-200,-200,-200,-200,-200,-200
?,8/03/2016 10:31,-200,-76,,-200,,,,-200,-200,-200,-200,-200,-200
?,8/03/2016 10:31,-200,-76,-200,-200,,,-200,-200,-200,-200,-200,-200,-200
?,8/03/2016 10:31,-200,-76,-200,,,,,-200,-200,-200,-200,-200,-200
?,8/03/2016 10:31,-200,-76,,-200,,,-200,-200,-200,-200,-200,-200,-200
?,8/03/2016 10:31,-200,-71,-200,-200,,,,-200,-200,-200,-200,-200,-200
?,8/03/2016 10:31,-80,-75,-200,,,,-200,-200,-200,-200,-200,-200,-200
?,8/03/2016 10:31,-87,-75,-200,-200,,,-200,-200,-200,-200,-200,-200,-200
?,8/03/2016 10:31,-83,-76,-200,,,,-200,-200,-200,-200,-200,-200,-200
?,8/03/2016 10:31,-83,-81,-200,,,,,-200,-200,-200,-200,-200,-200
?,8/03/2016 10:31,-83,-77,-200,-200,,,,-200,-200,-200,-200,-200,-200
?,8/03/2016 10:31,-83,-81,-200,,,,,-200,-200,-200,-200,-200,-200
?,8/03/2016 10:31,-78,-77,-200,-200,,-79,,-200,-200,-200,-200,-200,-200
?,8/03/2016 10:31,-87,-77,,-200,,,,-200,-200,-200,-200,-200,-200
?,8/03/2016 10:31,-83,-80,-200,-200,,,,-200,-200,-200,-200,-200,-200
?,8/03/2016 10:31,-83,-81,,-200,,,-200,-200,-200,-200,-200,-200,-200
?,8/03/2016 10:31,-83,-79,,-200,,-79,,-200,-200,-200,-200,-200,-200
?,8/03/2016 10:31,-83,-80,-200,,,,,-80,-200,-200,-200,-200,-200
?,8/03/2016 10:31,-81,-80,,-200,,-79,,-78,-200,-200,-200,-200,-200
?,8/03/2016 10:31,-76,-80,-200,-200,,,-200,-78,-200,-200,-200,-200,-200
?,8/03/2016 10:31,-76,-80,-200,-200,,-200,,-73,-200,-200,-200,-200,-200
?,8/03/2016 10:31,-79,-81,-200,-200,,-200,-200,-73,-200,-200,-200,-200,-200
?,8/03/2016 10:31,-75,-81,-200,,,,-200,-76,-200,-200,-200,-200,-200
?,8/03/2016 10:31,-72,-82,-200,-200,,,,-74,-200,-200,-200,-200,-200
?,8/03/2016 10:31,-71,-81,-200,-200,,,-200,-74,-200,-200,-200,-200,-200
?,8/03/2016 10:31,-72,-81,,-200,,,-200,-74,-200,-200,-200,-200,-200
?,8/03/2016 10:31,-73,-81,-200,,,-200,,-74,-200,-200,-200,-200,-200
?,8/03/2016 10:31,-68,-81,-200,-200,,,-200,-74,-200,-200,-200,-200,-200
?,8/03/2016 10:31,-68,-200,,-200,,-200,-200,-74,-200,-200,-200,-200,-200
?,8/03/2016 10:31,-74,-200,-200,,,,,-200,-200,-200,-200,-200,-200
?,8/03/2016 10:31,-74,-200,-200,-200,,,-200,-200,-200,-200,-200,-200,-200
?,8/03/2016 12:04,-200,-200,-200,-200,,,,-200,-200,-200,-200,-200,-200
?,8/03/2016 12:04,-200,-200,-200,-200,,,,-200,-200,-200,-200,-200,-200
?,8/03/2016 12:04,-200,-200,-200,-80,,,,-200,-200,-200,-200,-200,-200
?,8/03/2016 12:04,-200,-200,-200,-80,,,,-200,-200,-200,-200,-200,-200
?,8/03/2016 12:04,-200,-200,-200,,,,,-78,-200,-200,-200,-200,-200
?,8/03/2016 12:04,-200,-200,-200,,,-77,,-78,-200,-200,-200,-200,-200
?,8/03/2016 12:04,-200,-200,-200,,,-77,,-78,-200,-200,-200,-200,-200
?,8/03/2016 12:05,-200,-200,-200,-200,,,,-76,-200,-200,-200,-200,-200
?,8/03/2016 12:05,-200,-86,,-200,,,,-76,-200,-88,-200,-200,-200
?,8/03/2016 12:05,-200,-77,,,,,,-75,-200,-85,-200,-200,-200
?,8/03/2016 12:05,-200,-81,,-200,,,,-78,-200,-86,-200,-200,-200
?,8/03/2016 12:05,-200,-81,-200,-200,,-76,-200,-78,-200,-86,-200,-200,-200
?,8/03/2016 12:05,-200,-81,-200,-200,,,,-79,-200,-86,-200,-200,-200
?,8/03/2016 12:05,-200,-200,-200,-200,,,,-80,-200,-200,-200,-200,-200
?,8/03/2016 12:05,-200,-200,,-200,,,,-79,-200,-200,-200,-200,-200
?,8/03/2016 12:05,-200,-200,,-200,,,-81,-79,-200,-200,-200,-200,-200
?,8/03/2016 12:05,-200,-200,-200,-200,,,-81,-79,-200,-200,-200,-200,-200
?,8/03/2016 12:05,-200,-200,-200,,,,,-79,-200,-200,-200,-200,-200
?,8/03/2016 12:05,-200,-200,-200,-200,,,-200,-200,-200,-200,-200,-200,-200
?,8/03/2016 12:05,-200,-200,-200,-200,,,,-200,-200,-200,-200,-200,-200
?,8/03/2016 12:05,-200,-200,-200,-200,,,,-200,-200,-200,-200,-200,-200
?,8/03/2016 12:05,-200,-200,-200,,,-79,-79,-200,-200,-200,-200,-200,-200
?,8/03/2016 12:05,-200,-200,,-200,,-79,,-200,-200,-200,-200,-200,-200
?,8/03/2016 12:05,-200,-200,,,,,,-200,-200,-200,-200,-200,-200
?,8/03/2016 12:05,-200,-200,,-200,,,-80,-200,-200,-200,-200,-200,-200
?,8/03/2016 12:05,-200,-200,-200,-200,,,,-200,-200,-200,-200,-200,-200
?,8/03/2016 12:05,-200,-200,-200,-200,,,-80,-200,-200,-200,-200,-200,-200
?,8/03/2016 12:05,-200,-200,-200,-200,,-200,,-200,-200,-200,-200,-200,-200
?,8/03/2016 12:05,-200,-200,-200,,,,,-200,-200,-200,-200,-200,-200
?,8/03/2016 12:05,-200,-200,-200,-200,,,,-200,-200,-200,-200,-200,-200
?,8/03/2016 12:05,-200,-200,,-200,,,-200,-200,-200,-200,-200,-200,-200
?,8/03/2016 12:05,-200,-200,,-200,,,-200,-200,-200,-200,-200,-200,-200
?,8/03/2016 12:05,-200,-200,-200,,,,,-200,-200,-200,-200,-200,-200
?,8/03/2016 12:05,-200,-77,-200,,,-76,,-200,-200,-200,-200,-200,-200
?,8/03/2016 12:05,-200,-85,-200,,,,-200,-200,-200,-200,-200,-200,-200
?,8/03/2016 12:05,-200,-81,,-200,,,,-200,-200,-200,-200,-200,-200
?,8/03/2016 12:05,-200,-81,-200,-200,,-73,,-200,-200,-200,-200,-200,-200
?,8/03/2016 12:05,-200,-81,-200,-200,,,,-200,-200,-200,-200,-200,-200
?,8/03/2016 12:05,-200,-81,-200,-200,,-74,,-200,-200,-200,-200,-200,-200
?,8/03/2016 12:05,-200,-200,-200,-200,,-74,,-200,-200,-200,-200,-200,-200
?,8/03/2016 12:05,-200,-200,,,,,,-200,-200,-200,-200,-200,-200
?,8/03/2016 12:05,-200,-200,-200,-200,,-80,,-200,-200,-200,-200,-200,-200
?,8/03/2016 12:05,-200,-200,-200,,,-81,-200,-200,-200,-200,-200,-200,-200
?,8/03/2016 12:06,-200,-200,-200,-200,,-200,-200,-200,-200,-200,-200,-200,-200
?,8/03/2016 12:06,-200,-200,-200,-200,,-66,,-80,-200,-200,-200,-200,-200
?,8/03/2016 12:06,-200,-200,-200,,,,,-80,-200,-200,-200,-200,-200
?,8/03/2016 12:06,-200,-200,,-200,,,,-80,-200,-200,-200,-200,-200
?,8/03/2016 12:06,-200,-200,-200,-200,-200,,-200,-75,-200,-200,-200,-200,-200
?,8/03/2016 12:06,-200,-200,-200,-200,,,-200,-75,-200,-200,-200,-200,-200
?,8/03/2016 12:06,-200,-200,-200,-200,,,-81,-76,-200,-200,-200,-200,-200
?,8/03/2016 12:06,-200,-200,-200,,,,,-78,-200,-200,-200,-200,-200
?,8/03/2016 12:06,-200,-200,-200,,,,,-78,-200,-200,-200,-200,-200
?,8/03/2016 12:06,-200,-200,-200,-200,,-65,,-78,-200,-200,-200,-200,-200
?,8/03/2016 12:06,-200,-200,-200,-200,,,,-78,-200,-200,-200,-200,-200
?,8/03/2016 12:06,-200,-200,-200,-200,,,,-200,-200,-200,-200,-200,-200
?,8/03/2016 12:06,-200,-200,-200,,,,-81,-200,-200,-200,-200,-200,-200
?,8/03/2016 12:06,-200,-200,-200,-200,,-63,-81,-200,-200,-200,-200,-200,-200
?,8/03/2016 12:06,-200,-200,-87,-200,-200,,-81,-200,-200,-200,-200,-200,-200
?,8/03/2016 12:06,-200,-200,-83,-200,-200,,-81,-200,-200,-200,-200,-200,-200
?,8/03/2016 12:06,-200,-200,-85,-200,-200,-63,,-200,-200,-200,-200,-200,-200
?,8/03/2016 12:06,-200,-200,-81,-200,-200,,,-200,-200,-200,-200,-200,-200
?,8/03/2016 12:06,-200,-200,-81,-200,,,,-200,-200,-200,-200,-200,-200
?,8/03/2016 12:06,-200,-200,-83,-200,,,-81,-200,-200,-200,-200,-200,-200
?,8/03/2016 12:06,-200,-200,,-200,,-64,,-200,-200,-200,-200,-200,-200
?,8/03/2016 12:06,-200,-200,-200,-200,,,-200,-200,-200,-200,-200,-200,-200
?,8/03/2016 12:06,-200,-200,,-200,,,,-200,-200,-200,-200,-200,-200
?,8/03/2016 12:06,-200,-200,-83,-200,,-81,-74,-200,-200,-200,-200,-200,-200
?,8/03/2016 12:06,-200,-200,-200,-200,-200,,,-200,-200,-200,-200,-200,-200
?,8/03/2016 12:06,-200,-200,-200,-200,,,,-200,-200,-200,-200,-200,-200
?,8/03/2016 12:06,-200,-200,-200,-200,-200,,-76,-200,-200,-200,-200,-200,-200
?,8/03/2016 12:06,-200,-200,-200,,,-73,,-200,-200,-200,-200,-200,-200
?,8/03/2016 12:06,-200,-200,,,-200,,,-200,-200,-200,-200,-200,-200
?,8/03/2016 12:06,-200,-200,-200,-200,-200,,,-200,-200,-200,-200,-200,-200
?,8/03/2016 12:06,-200,-200,,-200,-200,,-75,-200,-200,-200,-200,-200,-200
?,8/03/2016 12:06,-200,-200,-200,-200,,,,-200,-200,-200,-200,-200,-200
?,8/03/2016 12:06,-200,-200,-200,-200,,,,-200,-200,-200,-200,-200,-200
?,8/03/2016 12:06,-200,-200,,-200,-200,,-77,-200,-200,-200,-200,-200,-200
?,8/03/2016 12:06,-200,-200,-200,-200,,,,-200,-200,-200,-200,-200,-200
?,8/03/2016 12:06,-200,-200,-200,-200,,,,-200,-200,-200,-200,-200,-200
?,8/03/2016 12:06,-200,-200,-200,-200,,,,-200,-200,-200,-200,-200,-200
?,8/03/2016 12:06,-200,-200,,,-200,,,-200,-200,-200,-200,-200,-200
?,8/03/2016 12:06,-200,-200,-200,-200,,-77,,-200,-200,-200,-200,-200,-200
?,8/03/2016 12:06,-200,-200,-200,-200,,,-78,-200,-200,-200,-200,-200,-200
?,8/03/2016 12:06,-200,-200,-200,-200,,,,-200,-200,-200,-200,-200,-200
?,8/03/2016 12:06,-200,-200,-200,-200,-200,,,-200,-200,-200,-200,-200,-200
?,8/03/2016 12:06,-200,-200,-200,-200,,,,-200,-200,-200,-200,-200,-200
?,8/03/2016 12:06,-200,-200,-200,-200,,,,-200,-200,-200,-200,-200,-200
?,8/03/2016 12:07,-200,-200,-200,-81,-200,,,-200,-200,-200,-200,-200,-200
?,8/03/2016 12:07,-200,-200,-200,,,,-73,-200,-200,-200,-200,-200,-200
?,8/03/2016 12:07,-200,-200,-200,-79,-200,,,-200,-200,-200,-200,-200,-200
?,8/03/2016 12:07,-200,-200,-200,-79,,,-67,-200,-200,-200,-200,-200,-200
?,10/03/2016 11:59,-200,-200,-200,,,,-200,-200,-200,-200,-200,-200,-200
?,10/03/2016 11:59,-200,-200,,,-200,,-200,-200,-200,-200,-200,-200,-200
?,10/03/2016 11:59,-200,-200,,-200,-200,-75,-200,-200,-200,-200,-200,-200,-200
?,10/03/2016 11:59,-200,-200,-200,-200,,,-200,-200,-200,-200,-200,-200,-200
?,10/03/2016 11:59,-200,-200,,-200,-200,,,-200,-200,-200,-200,-200,-200
?,10/03/2016 11:59,-200,-200,,-200,-200,-77,,-200,-200,-200,-200,-200,-200
?,10/03/2016 11:59,-200,-200,-77,-200,-200,,-200,-200,-200,-200,-200,-200,-200
?,10/03/2016 11:59,-200,-200,,-200,-200,-77,-200,-200,-200,-200,-200,-200,-200
?,10/03/2016 11:59,-200,-200,,-200,-200,,,-200,-200,-200,-200,-200,-200
?,10/03/2016 11:59,-200,-200,,-200,-200,,,-200,-200,-200,-200,-200,-200
?,10/03/2016 11:59,-200,-81,,,-200,,-200,-200,-200,-200,-200,-200,-200
?,10/03/2016 11:59,-200,-75,,-200,-200,,,-200,-200,-200,-200,-200,-200
?,10/03/2016 11:59,-200,-67,-200,-200,,,,-200,-200,-200,-200,-200,-200
?,10/03/2016 11:59,-200,-67,-200,-200,,,,-200,-200,-200,-200,-200,-200
?,10/03/2016 11:59,-200,-69,,-200,-200,,-200,-200,-200,-200,-200,-200,-200
?,10/03/2016 11:59,-200,-66,-200,-200,,-200,-200,-200,-200,-200,-200,-200,-200
?,10/03/2016 11:59,-200,-66,-200,,,,,-200,-200,-200,-200,-200,-200
?,10/03/2016 11:59,-200,-67,-200,-200,,,,-200,-200,-200,-200,-200,-200
?,10/03/2016 11:59,-200,-79,-200,-200,,,-200,-200,-200,-200,-200,-200,-200
?,10/03/2016 11:59,-200,-73,-200,-200,,-200,,-200,-200,-200,-200,-200,-200
?,10/03/2016 11:59,-200,-73,,-200,,,-200,-200,-200,-200,-200,-200,-200
?,10/03/2016 11:59,-200,-73,,-200,,,-200,-200,-200,-200,-200,-200,-200
?,10/03/2016 11:59,-200,-73,-200,,,,,-200,-200,-200,-200,-200,-200
?,10/03/2016 11:59,-200,-76,-200,-200,,,,-200,-200,-200,-200,-200,-200
?,10/03/2016 11:59,-200,-79,-200,-200,,-82,,-200,-200,-200,-200,-200,-200
?,10/03/2016 11:59,-200,-79,-200,-200,,-86,-200,-200,-200,-200,-200,-200,-200
?,10/03/2016 11:59,-200,-75,-200,-200,,,,-200,-200,-200,-200,-200,-200
?,10/03/2016 11:59,-200,-75,-200,-200,,,,-82,-200,-200,-200,-200,-200
?,10/03/2016 11:59,-200,-78,-200,-200,,,-200,-82,-200,-200,-200,-200,-200
?,10/03/2016 11:59,,-78,-200,-200,,,,-82,-200,-200,-200,-200,-200
?,10/03/2016 11:59,-200,-78,-200,-200,,,-200,-80,-200,-200,-200,-200,-200
?,10/03/2016 11:59,-200,-78,,-200,,,,-80,-200,-200,-200,-200,-200
?,10/03/2016 11:59,-200,-200,-200,-200,,,-200,-78,-200,-200,-200,-200,-200
?,10/03/2016 11:59,-200,-200,-200,,,,-200,-76,-200,-200,-200,-200,-200
?,10/03/2016 11:59,-200,-200,-200,-200,,,,-76,-200,-200,-200,-200,-200
?,10/03/2016 11:59,-200,-200,-200,-200,,-82,,-80,-200,-200,-200,-200,-200
?,10/03/2016 11:59,-200,-200,-200,,,,-200,-80,-200,-200,-200,-200,-200
?,10/03/2016 11:59,-81,-200,-200,-200,,-82,-200,-78,-200,-200,-200,-200,-200
?,10/03/2016 11:59,-81,-200,-200,-200,,,-200,-78,-200,-200,-200,-200,-200
?,10/03/2016 11:59,-81,-200,,-200,,,,-78,-200,-200,-200,-200,-200
?,10/03/2016 11:59,-81,-200,-200,,,,,-78,-200,-200,-200,-200,-200
?,10/03/2016 11:59,-81,-200,-200,-200,,-75,-200,-200,-200,-200,-200,-200,-200
?,10/03/2016 11:59,-200,-200,-200,-200,,-78,-200,-78,-200,-200,-200,-200,-200
?,10/03/2016 11:59,-200,-200,-200,-200,,,,-77,-200,-200,-200,-200,-200
?,10/03/2016 11:59,-200,-200,,-200,-200,-75,-200,-78,-200,-200,-200,-200,-200
?,10/03/2016 11:59,-200,-200,-200,-200,,,-200,-78,-200,-200,-200,-200,-200
?,10/03/2016 11:59,-200,-200,,,-200,,,-78,-200,-200,-200,-200,-200
?,10/03/2016 11:59,-200,-200,-200,-200,,,-200,-78,-200,-200,-200,-200,-200
?,10/03/2016 11:59,-200,-200,-200,,,-77,-200,-200,-200,-200,-200,-200,-200
?,10/03/2016 11:59,-200,-200,,-200,,,-200,-200,-200,-200,-200,-200,-200
?,10/03/2016 11:59,-200,-200,-200,,,,,-200,-200,-200,-200,-200,-200
?,10/03/2016 11:59,-200,-200,,,,,,-200,-200,-200,-200,-200,-200
?,10/03/2016 11:59,-200,-200,,,,,,-200,-200,-200,-200,-200,-200
?,10/03/2016 12:00,-200,-200,,-200,-200,-200,,-200,-200,-200,-200,-200,-200
?,10/03/2016 12:00,-200,-200,-200,,,,,-200,-200,-200,-200,-200,-200
?,10/03/2016 12:00,-200,-200,-200,,,-200,,-200,-200,-200,-200,-200,-200
?,10/03/2016 12:00,-200,-200,,,-200,-200,-78,-200,-200,-200,-200,-200,-200
?,10/03/2016 12:00,-200,-200,-200,-200,,,-70,-200,-200,-200,-200,-200,-200
?,10/03/2016 12:00,-200,-200,,-200,-200,,-77,-200,-200,-200,-200,-200,-200
?,10/03/2016 12:00,-200,-200,,-200,-200,,,-200,-200,-200,-200,-200,-200
?,10/03/2016 12:00,-200,-200,,,-200,,,-200,-200,-200,-200,-200,-200
?,10/03/2016 12:00,-200,-200,-200,,,-200,,-200,-200,-200,-200,-200,-200
?,10/03/2016 12:00,-200,-200,,,-200,,,-200,-200,-200,-200,-200,-200
?,10/03/2016 12:00,-200,-200,-200,,,,,-200,-200,-200,-200,-200,-200
?,10/03/2016 12:00,-200,-200,-200,,,,,-200,-200,-200,-200,-200,-200
?,10/03/2016 12:00,-200,-200,,-200,-200,-200,,-200,-200,-200,-200,-200,-200
?,10/03/2016 12:00,-200,-200,-200,-200,,,,-200,-200,-200,-200,-200,-74
?,10/03/2016 12:00,-200,-200,-200,-200,-200,,-200,-200,-200,-200,-200,-200,-74
?,10/03/2016 12:00,-200,-200,-200,-200,-200,,,-200,-200,-200,-200,-200,-74
?,10/03/2016 12:00,-200,-200,-200,-200,,,,-200,-200,-200,-200,-200,-74
?,10/03/2016 12:00,-200,-200,,-200,-200,,,-200,-200,-200,-200,-200,-76
?,10/03/2016 12:00,-200,-200,-200,-200,-200,,,-200,-200,-200,-200,-200,-77
?,10/03/2016 12:00,-200,-200,,,-200,-200,,-200,-200,-200,-200,-200,-72
?,10/03/2016 12:00,-200,-200,-200,,,,,-200,-200,-200,-200,-200,-68
?,10/03/2016 12:00,-200,-200,-200,-200,,-200,,-200,-200,-200,-200,-200,-68
?,10/03/2016 12:00,-200,-200,,,-200,-200,-200,-200,-200,-200,-200,-200,-80
?,10/03/2016 12:00,-200,-200,-200,-200,,-200,-200,-200,-200,-200,-200,-200,-67
?,10/03/2016 12:00,-200,-200,,-200,-200,,,-200,-200,-200,-200,-200,-67
?,10/03/2016 12:00,-200,-200,-200,,,,-200,-200,-200,-200,-200,-200,-67
?,10/03/2016 12:00,-200,-200,-200,-200,,,,-200,-200,-200,-200,-200,-70
?,10/03/2016 12:00,-200,-200,-200,-200,-200,,,-200,-200,-200,-200,-200,-67
?,10/03/2016 12:00,-200,-200,-200,-200,,,-200,-200,-200,-200,-200,-200,-66
?,10/03/2016 12:00,-200,-200,-200,-200,,-200,,-200,-200,-200,-200,-200,-65
?,10/03/2016 12:00,-200,-200,-200,,,-200,-200,-200,-200,-200,-200,-200,-65
?,10/03/2016 12:00,-200,-200,-200,-200,,-200,-200,-200,-200,-200,-200,-200,-64
?,10/03/2016 12:00,-200,-200,,-200,-200,,,-200,-200,-200,-200,-200,-64
?,10/03/2016 12:00,-200,-200,,-200,-200,,-200,-200,-200,-200,-200,-200,-63
?,10/03/2016 12:00,-200,-200,-200,-200,-200,,,-200,-200,-200,-200,-200,-63
?,10/03/2016 12:00,-200,-200,-200,,,,,-200,-200,-200,-200,-200,-68
?,10/03/2016 12:00,,-200,-200,-200,,,,-200,-200,-200,-200,-200,-68
?,10/03/2016 12:00,-200,-200,-200,-200,,,,-200,-200,-200,-200,-200,-64
?,10/03/2016 12:00,-200,-200,-200,-200,,,,-200,-200,-200,-200,-200,-64
?,10/03/2016 12:00,-200,-200,-200,,,-200,,-200,-200,-200,-200,-200,-64
?,10/03/2016 12:00,-200,-200,-200,,,,,-200,-200,-200,-200,-200,-68
?,10/03/2016 12:00,-200,-200,,,-200,,,-200,-200,-200,-200,-200,-66
?,10/03/2016 12:00,-200,-200,-200,-200,,-200,,-200,-200,-200,-200,-200,-60
?,10/03/2016 12:01,-200,-200,,,-200,,,-200,-200,-200,-200,-200,-60
?,10/03/2016 12:01,-200,-200,-200,-200,,,,-200,-200,-200,-200,-200,-68
?,10/03/2016 12:01,-200,-200,-200,-200,,,,-200,-200,-200,-200,-200,-76
?,10/03/2016 12:01,-200,-200,-200,-200,-200,,-200,-200,-200,-200,-200,-200,-66
?,10/03/2016 12:01,-200,-200,,,-200,,,-200,-200,-200,-200,-200,-66
?,10/03/2016 12:01,-200,-200,-200,,,,-200,-200,-200,-200,-200,-200,-66
?,10/03/2016 12:01,-200,-200,-200,,,,-200,-200,-200,-200,-200,-200,-66
?,10/03/2016 12:01,-200,-200,-200,,,-200,,-200,-200,-200,-200,-200,-80
?,10/03/2016 12:01,-200,-200,,-200,-200,,,-200,-200,-200,-200,-200,-80
?,10/03/2016 12:01,-200,-200,-200,-200,-200,,-200,-200,-200,-200,-200,-200,-73
?,10/03/2016 12:01,-200,-200,-200,,,,,-200,-200,-200,-200,-200,-73
?,10/03/2016 12:01,-200,-200,-200,,,-200,-200,-200,-200,-200,-200,-200,-73
?,10/03/2016 12:01,-200,-200,-200,-200,-200,,-200,-200,-200,-200,-200,-200,-73
?,10/03/2016 12:01,-200,-200,-200,-200,,,,-200,-200,-200,-78,-200,-200
?,10/03/2016 12:01,-200,-200,-200,,,-200,-200,-200,-200,-200,-78,-200,-200
?,10/03/2016 12:01,-200,-200,-200,,,,,-200,-200,-200,-76,-200,-200
?,10/03/2016 12:01,-200,-200,-200,,,,-200,-200,-200,-200,-75,-200,-200
?,10/03/2016 12:01,-200,-200,,-200,-200,,,-200,-200,-200,-67,-200,-200
?,10/03/2016 12:01,-200,-200,-200,-200,,,-200,-200,-200,-200,-64,-200,-200
?,10/03/2016 12:01,-200,-200,,-200,-200,-200,,-200,-200,-200,-76,-200,-200
?,10/03/2016 12:01,-200,-200,-200,-200,,,,-200,-200,-200,-74,-200,-200
?,10/03/2016 12:01,-200,-200,-200,-200,,,,-200,-200,-200,-78,-200,-200
?,10/03/2016 12:01,-200,-200,,,-200,,,-200,-200,-200,-72,-200,-200
?,10/03/2016 12:01,-200,-200,,,-200,,,-200,-200,-200,-72,-200,-200
?,10/03/2016 12:01,-200,-200,-200,-200,,,-200,-200,-200,-200,-79,-200,-200
?,10/03/2016 12:01,-200,-200,-200,,,,,-200,-200,-79,-74,-200,-200
?,10/03/2016 12:01,-200,-200,-200,,,,,-200,-200,-79,-74,-200,-200
?,10/03/2016 12:01,-200,-200,-200,-200,,-200,,-200,-200,-79,-74,-200,-200
?,10/03/2016 12:01,-200,-200,-200,-200,,-200,,-200,-200,-75,-200,-200,-200
?,10/03/2016 12:01,-200,-200,-200,-200,,,,-200,-200,-77,-200,-200,-200
?,10/03/2016 12:01,-200,-200,-200,-200,,-200,,-200,-200,-74,-200,-200,-200
?,10/03/2016 12:01,-200,-200,-200,-200,,,,-200,-200,-80,-200,-200,-200
?,10/03/2016 12:01,-200,-200,-200,-200,,,,-200,-200,-72,-200,-200,-200
?,10/03/2016 12:01,-200,-200,-200,-200,,,-200,-200,-200,-76,-200,-200,-200
?,10/03/2016 12:01,-200,-200,-200,-200,,,,-200,-200,-76,-200,-200,-200
?,10/03/2016 12:01,-200,-200,,,-200,-200,-200,-200,-77,-76,-200,-200,-200
?,10/03/2016 12:01,-200,-200,-200,,,,,-200,-77,-200,-200,-200,-200
?,10/03/2016 12:01,-200,-200,-200,-200,-200,,,-200,-77,-200,-200,-200,-200
?,10/03/2016 12:01,-200,-200,-200,,,-200,,-200,-74,-200,-200,-200,-200
?,10/03/2016 12:01,-200,-200,,,-200,,,-200,-76,-200,-200,-200,-200
?,10/03/2016 12:01,-200,-200,-200,-200,,,-200,-200,-76,-200,-200,-200,-200
?,10/03/2016 12:01,-200,-200,-200,-200,,,,-200,-76,-200,-200,-200,-200
?,10/03/2016 12:01,-200,-200,-200,-200,,-200,-200,-200,-80,-200,-200,-200,-200
?,10/03/2016 12:01,-200,-200,-200,-200,,,-200,-200,-77,-200,-200,-200,-200
?,10/03/2016 12:01,-200,-200,-200,,,-200,,-200,-75,-200,-200,-200,-200
?,10/03/2016 12:01,-200,-200,-200,-200,,-200,,-200,-77,-200,-200,-200,-200
?,10/03/2016 12:02,-200,-200,,,-200,,,-200,-76,-200,-200,-200,-200
?,10/03/2016 12:02,-200,-200,-200,-200,,-200,-200,-200,-76,-200,-200,-200,-200
?,10/03/2016 12:02,-200,-200,-200,-200,,,,-200,-76,-200,-200,-200,-200
?,10/03/2016 12:02,-200,-200,-200,,,,,-200,-74,-200,-200,-200,-200
?,10/03/2016 12:02,-81,-200,-200,-200,,,,-200,-76,-200,-200,-200,-200
?,10/03/2016 12:02,-79,-200,-200,,,,,-200,-76,-200,-200,-200,-200
?,10/03/2016 12:02,-78,-200,-200,,,-200,-200,-200,-76,-200,-200,-200,-200
?,10/03/2016 12:02,-80,-200,-200,,,,,-200,-200,-200,-200,-200,-200
?,10/03/2016 12:02,-72,-200,-200,-200,-200,-200,,-200,-200,-200,-200,-200,-200
?,10/03/2016 12:02,-78,-200,,-200,-200,,,-200,-200,-200,-200,-200,-200
?,10/03/2016 12:02,-78,-200,-200,-200,,,-200,-200,-200,-200,-200,-200,-200
?,10/03/2016 12:02,-78,-200,-200,,,,,-200,-200,-200,-200,-200,-200
?,10/03/2016 12:02,-78,-200,-200,,,,-200,-200,-200,-200,-200,-200,-200
?,11/07/2016 12:25,-78,-200,-200,-200,,-200,,-200,-200,-200,-200,-200,-200
?,11/07/2016 12:25,-78,-200,-200,,,,,-200,-84,-200,-200,-200,-200
?,11/07/2016 12:25,-79,,-200,-200,,-200,,-200,-84,-200,-200,-200,-200
?,11/07/2016 12:25,-79,-200,,-200,-200,,,-200,-84,-200,-200,-200,-200
?,11/07/2016 12:25,-79,-200,-200,,,,,-200,-84,-200,-200,-200,-200
?,11/07/2016 12:25,-77,-200,-200,,,,-200,-200,-84,-200,-200,-200,-200
?,11/07/2016 12:25,-73,-200,-200,-200,,,-200,-200,-200,-200,-200,-200,-200
?,11/07/2016 12:25,-72,-200,-200,,,,-200,-200,-200,-200,-200,-200,-200
?,11/07/2016 12:25,-76,-200,-200,-200,,,,-200,-200,-200,-200,-200,-200
?,11/07/2016 12:25,-71,-200,-200,-200,,,,-200,-200,-200,-200,-200,-200
?,11/07/2016 12:25,-71,-200,-200,-200,,,-200,-200,-200,-200,-200,-200,-200
?,11/07/2016 12:25,-69,-200,-200,-200,-200,,-200,-200,-200,-200,-200,-200,-200
?,11/07/2016 12:25,-65,-200,-200,,,-81,-200,-200,-200,-200,-200,-200,-200
?,11/07/2016 12:25,-65,-200,-200,-200,,-81,,-200,-200,-200,-200,-200,-200
?,11/07/2016 12:25,-72,-200,,-200,,,,-81,-200,-200,-200,-200,-200
?,11/07/2016 12:25,-68,-200,-200,,,,-200,-81,-200,-200,-200,-200,-200
?,11/07/2016 12:25,-80,-200,-200,-200,,,,-81,-200,-200,-200,-200,-200
?,11/07/2016 12:25,-81,-200,-200,-200,,,,-81,-200,-200,-200,-200,-200
?,11/07/2016 12:25,-73,-80,-200,-200,,,-200,-81,-200,-200,-200,-200,-200
?,11/07/2016 12:25,-82,-80,-200,-200,,,,-76,-200,-200,-200,-200,-200
?,11/07/2016 12:25,-82,-80,-200,-200,,,,-78,-200,-200,-200,-200,-200
?,11/07/2016 12:25,-79,-80,-200,-200,,-82,,-78,-200,-200,-200,-200,-200
?,11/07/2016 12:25,-79,-77,-200,-200,,-82,,-78,-200,-200,-200,-200,-200
?,11/07/2016 12:25,-79,-78,,-200,,-82,-200,-75,-200,-200,-200,-200,-200
?,11/07/2016 12:25,-79,-78,-200,-200,,,-200,-77,-200,-200,-200,-200,-200
?,11/07/2016 12:25,-200,-78,-200,-200,,-81,-200,-80,-200,-200,-200,-200,-200
?,11/07/2016 12:25,-200,-78,-200,,,-78,,-80,-200,-200,-200,-200,-200
?,11/07/2016 12:25,-200,-200,-200,-200,,,,-79,-200,-200,-200,-200,-200
?,11/07/2016 12:25,-200,-200,-200,-200,,,,-78,-200,-200,-200,-200,-200
?,11/07/2016 12:25,-200,-200,-200,-200,,-73,,-77,-200,-200,-200,-200,-200
?,11/07/2016 12:25,-200,-200,-200,,,,,-78,-200,-200,-200,-200,-200
?,11/07/2016 12:25,-200,-200,,-200,,,,-78,-200,-200,-200,-200,-200
?,11/07/2016 12:25,-200,-200,-200,-200,,,,-78,-200,-200,-200,-200,-200
?,11/07/2016 12:25,-200,-200,-200,,,,,-81,-200,-200,-200,-200,-200
?,11/07/2016 12:25,-200,-200,-200,-200,,-78,,-79,-200,-200,-200,-200,-200
?,11/07/2016 12:25,-200,-200,-200,-200,-200,,-200,-79,-200,-200,-200,-200,-200
?,11/07/2016 12:25,-200,-200,-200,-200,,,,-79,-200,-200,-200,-200,-200
?,11/07/2016 12:25,-200,-200,-200,-200,,,,-79,-200,-200,-200,-200,-200
?,11/07/2016 12:25,-200,-200,-200,-200,,-74,,-200,-200,-200,-200,-200,-200
?,11/07/2016 12:25,-200,-200,-200,-200,-200,-77,,-200,-200,-200,-200,-200,-200
?,11/07/2016 12:25,-200,-200,-200,-200,,,,-200,-200,-200,-200,-200,-200
?,11/07/2016 12:25,-200,-200,-200,-200,,,,-200,-200,-200,-200,-200,-200
?,11/07/2016 12:25,-200,-200,-200,-200,-200,,-76,-200,-200,-200,-200,-200,-200
?,11/07/2016 12:25,-200,-200,,,-200,,,-200,-200,-200,-200,-200,-200
?,11/07/2016 12:25,-200,-200,-200,-200,,,,-200,-200,-200,-200,-200,-200
?,11/07/2016 12:25,-200,-200,-200,-200,,-77,-80,-200,-200,-200,-200,-200,-200
?,11/07/2016 12:25,-200,-200,-200,,,,,-200,-200,-200,-200,-200,-200
?,11/07/2016 12:25,-200,-200,-200,-200,-200,,-79,-200,-200,-200,-200,-200,-200
?,11/07/2016 12:25,-200,-200,-200,-200,,-77,,-200,-200,-200,-200,-200,-200
?,11/07/2016 12:25,-200,-200,-200,,,,,-200,-200,-200,-200,-200,-200
?,11/07/2016 12:28,-200,-200,-200,-200,-200,,,-200,-200,-200,-200,-200,-200
?,11/07/2016 12:28,-200,-200,-200,-200,,-80,,-200,-200,-200,-200,-200,-200
?,11/07/2016 12:28,-78,-200,-200,,,-80,,-200,-200,-200,-200,-200,-200
?,11/07/2016 12:28,-81,-200,-200,,,-77,-79,-200,-200,-200,-200,-200,-200
?,11/07/2016 12:28,-81,-200,-200,-84,,,,-200,-200,-200,-200,-200,-200
?,11/07/2016 12:28,-81,-200,-80,-84,-200,,,-200,-200,-200,-200,-200,-200
?,11/07/2016 12:28,-81,-200,-80,-76,-200,,-79,-200,-200,-200,-200,-200,-200
?,11/07/2016 12:28,-200,-200,-80,-77,,,,-200,-200,-200,-200,-200,-200
?,11/07/2016 12:28,-200,-200,-80,,,-74,-63,-200,-200,-200,-200,-200,-200
?,11/07/2016 12:28,-200,-200,-80,,,,,-200,-200,-200,-200,-200,-200
?,11/07/2016 12:28,-200,-200,-80,-80,,-77,-69,-200,-200,-200,-200,-200,-200
?,11/07/2016 12:28,-81,-200,-200,,,,,-200,-200,-200,-200,-200,-200
?,11/07/2016 12:28,-81,-81,-200,-80,,,,-200,-200,-200,-200,-200,-200
?,11/07/2016 12:28,-81,-79,-200,-200,,-77,-77,-76,-200,-200,-200,-200,-200
?,11/07/2016 12:28,-81,-79,-200,-200,,-200,-69,-76,-200,-200,-200,-200,-200
?,11/07/2016 12:28,-81,-79,-200,,,,-69,-78,-200,-200,-200,-200,-200
?,11/07/2016 12:28,-200,-79,-200,-200,,,,-78,-200,-200,-200,-200,-200
?,11/07/2016 12:28,-200,-200,-200,,,,-69,-78,-200,-200,-200,-200,-200
?,11/07/2016 12:28,-200,-200,-200,-78,-200,,-79,-78,-200,-200,-200,-200,-200
?,11/07/2016 12:28,-200,-200,-200,-77,,,-73,-200,-200,-200,-200,-200,-200
?,11/07/2016 12:28,-200,-200,-200,-78,,,,-200,-200,-200,-200,-200,-200
?,11/07/2016 12:28,-200,-200,-200,,,,-76,-200,-200,-200,-200,-200,-200
?,11/07/2016 12:28,-200,-200,,,,,,-200,-200,-200,-200,-200,-200
?,11/07/2016 12:28,-200,-200,-200,-200,,,,-200,-200,-200,-200,-200,-200
?,11/07/2016 12:28,-200,-200,-200,,,,-200,-200,-200,-200,-200,-200,-200
?,11/07/2016 12:28,-200,-200,-200,,,-58,-200,-200,-200,-200,-200,-200,-200
?,11/07/2016 12:28,-200,-200,,-200,,,,-200,-200,-200,-200,-200,-200
?,11/07/2016 12:28,-200,-200,-200,,,,-200,-200,-200,-200,-200,-200,-200
?,11/07/2016 12:28,-200,-200,-200,-200,,-56,,-200,-200,-200,-200,-200,-200
?,11/07/2016 12:28,-200,-200,-200,-200,,,-200,-200,-200,-200,-200,-200,-200
?,11/07/2016 12:28,-200,-200,,-200,,,,-200,-200,-200,-200,-200,-200
?,11/07/2016 12:29,-200,-200,-80,-200,,,-200,-200,-200,-200,-200,-200,-200
?,11/07/2016 12:29,-200,-200,,-200,,-56,,-200,-200,-200,-200,-200,-200
?,8/08/2016 10:43,-72,-200,-200,-200,,,-200,-200,-200,-200,-200,-200,-200
?,8/08/2016 10:43,-72,-200,-200,-200,,,,-200,-200,-200,-200,-200,-200
?,8/08/2016 10:43,-70,-200,-200,-200,,-200,-200,-200,-200,-200,-200,-200,-200
?,8/08/2016 10:43,-70,-200,-200,,,-200,,-200,-200,-200,-200,-200,-200
?,8/08/2016 10:43,-71,-200,-200,-200,-200,,,-200,-200,-200,-200,-200,-200
?,8/08/2016 10:43,-71,-200,-200,,,,,-200,-200,-200,-200,-200,-200
?,8/08/2016 10:43,-71,-200,,,-200,-200,-200,-200,-200,-200,-200,-200,-200
?,8/08/2016 10:43,-70,-200,-200,-200,-200,-200,,-200,-200,-200,-200,-200,-200
?,8/08/2016 10:43,-79,-200,-200,,,,,-200,-200,-200,-200,-200,-200
?,8/08/2016 10:43,-78,-200,-200,,,-200,,-200,-200,-200,-200,-200,-200
?,8/08/2016 10:43,-76,-200,-200,-200,,-200,,-200,-200,-200,-200,-200,-200
?,8/08/2016 10:43,-73,-200,-200,,,,-200,-200,-200,-200,-200,-200,-200
?,8/08/2016 10:43,-75,-200,-200,-200,,,,-200,-200,-200,-200,-200,-200
?,8/08/2016 10:43,-79,-200,-200,-200,-200,,,-200,-200,-200,-200,-200,-200
?,8/08/2016 10:43,-78,-200,-200,-200,-200,,,-80,-200,-200,-200,-200,-200
?,8/08/2016 10:43,-73,-200,-200,,,,,-85,-200,-200,-200,-200,-200
?,8/08/2016 10:43,-76,-200,-200,-200,,,,-82,-200,-200,-200,-200,-200
?,8/08/2016 10:43,-75,-200,,-200,,,-200,-82,-200,-200,-200,-200,-200
?,8/08/2016 10:43,-76,-200,-200,-200,,,,-76,-200,-200,-200,-200,-200
?,8/08/2016 10:43,-76,-200,,-200,,,-200,-76,-200,-200,-200,-200,-200
?,8/08/2016 10:43,-76,-200,-200,-200,,-200,,-79,-200,-200,-200,-200,-200
?,8/08/2016 10:43,-79,-200,,,,,-200,-78,-200,-200,-200,-200,-200
?,8/08/2016 10:43,-76,,-200,-200,,,-200,-78,-200,-200,-200,-200,-200
?,8/08/2016 10:43,-76,-80,-200,-200,,,,-79,-200,-200,-200,-200,-200
?,8/08/2016 10:43,-79,-82,-200,-200,,,-200,-73,-200,-200,-200,-200,-200
?,8/08/2016 10:43,-77,-80,-200,-200,,-200,,-81,-200,-200,-200,-200,-200
?,8/08/2016 10:43,-77,-80,-200,-200,,,-200,-72,-200,-200,-200,-200,-200
?,8/08/2016 10:43,-78,-80,,,,,,-72,-200,-200,-200,-200,-200
?,8/08/2016 10:43,-78,-80,,-200,,-200,-200,-75,-200,-200,-200,-200,-200
?,8/08/2016 10:43,-78,-200,-200,-200,,-200,,-73,-200,-200,-200,-200,-200
?,8/08/2016 10:43,-78,-200,-200,,,,,-73,-200,-200,-200,-200,-200
?,8/08/2016 10:44,-78,-200,-200,-200,,-200,,-82,-200,-200,-200,-200,-200
?,8/08/2016 10:44,-200,-200,-200,-200,,-200,,-81,-200,-79,-200,-200,-200
?,8/08/2016 10:44,-200,-200,-200,,,,,-77,-200,-79,-200,-200,-200
?,8/08/2016 10:44,-200,-200,-200,-200,,,,-80,-200,-79,-200,-200,-200
?,8/08/2016 10:44,-200,-200,-200,-200,,,,-80,-200,-79,-200,-200,-200
?,8/08/2016 10:44,-200,-200,,,,-200,,-79,-200,-79,-200,-200,-200
?,8/08/2016 10:44,-200,-200,-200,-200,,,,-79,-200,-79,-200,-200,-200
?,8/08/2016 10:44,-200,-200,,-200,,,-200,-79,-200,-200,-200,-200,-200
?,8/08/2016 10:44,-200,-81,-200,-200,,,,-78,-200,-200,-200,-200,-200
?,8/08/2016 10:44,-200,-80,,,,,,-78,-200,-200,-200,-200,-200
?,8/08/2016 10:44,-200,-80,,,,,,-77,-200,-200,-200,-200,-200
?,8/08/2016 10:44,-200,-81,-200,,,,,-78,-200,-200,-200,-200,-200
?,8/08/2016 10:44,-200,-81,-200,-200,,,,-80,-200,-200,-200,-200,-200
?,8/08/2016 10:44,-200,-78,-200,,,,,-81,-200,-200,-200,-200,-200
?,8/08/2016 10:44,-200,-80,-200,-200,,,,-81,-200,-200,-200,-200,-200
?,8/08/2016 10:44,-200,-76,-200,-200,,,-200,-81,-200,-200,-200,-200,-200
?,8/08/2016 10:44,-200,-78,-200,-200,,-200,,-79,-200,-200,-200,-200,-200
?,8/08/2016 10:44,-200,-79,-200,,,,,-79,-200,-200,-200,-200,-200
?,8/08/2016 10:44,-200,-80,-200,-200,,-200,,-78,-200,-200,-200,-200,-200
?,8/08/2016 10:44,-200,-79,-200,-200,,-80,,-78,-200,-200,-200,-200,-200
?,8/08/2016 10:44,-200,-79,,,,,,-79,-200,-200,-200,-200,-200
?,8/08/2016 10:44,-200,,-200,-200,,,-200,-79,-200,-200,-200,-200,-200
?,8/08/2016 10:44,-200,-79,,-200,,,,-79,-200,-200,-200,-200,-200
?,8/08/2016 10:44,-200,-200,,-200,,-80,-200,-79,-200,-200,-200,-200,-200
?,8/08/2016 10:44,-200,-200,-200,-200,,,-200,-200,-200,-200,-200,-200,-200
?,8/08/2016 10:44,-200,-200,-200,-200,,,,-200,-200,-200,-200,-200,-200
?,8/08/2016 10:44,-200,-200,-200,-200,,,,-200,-200,-200,-200,-200,-200
?,8/08/2016 10:44,-200,-200,-200,,,,,-200,-200,-200,-200,-200,-200
?,8/08/2016 10:44,-200,-200,,,,-77,-200,-200,-200,-200,-200,-200,-200
?,8/08/2016 10:44,-200,-200,-200,-200,,,,-200,-200,-200,-200,-200,-200
?,8/08/2016 10:44,-200,-200,-200,-200,,-79,,-200,-200,-200,-200,-200,-200
?,8/08/2016 10:44,-200,-200,-200,-200,,,,-200,-200,-200,-200,-200,-200
?,8/08/2016 10:44,-200,-200,,-200,,,,-200,-200,-200,-200,-200,-200
?,8/08/2016 10:44,-200,-200,-200,-200,,,,-200,-200,-200,-200,-200,-200
?,8/08/2016 10:44,-200,-200,,-200,,,-200,-200,-200,-200,-200,-200,-200
?,8/08/2016 10:44,-200,-200,-200,-200,,-79,,-200,-200,-200,-200,-200,-200
?,8/08/2016 10:44,-200,-200,,,,,,-200,-200,-200,-200,-200,-200
?,8/08/2016 10:44,-200,-200,,-200,,,,-200,-200,-200,-200,-200,-200
?,8/08/2016 10:44,-200,-200,-78,,,,-200,-200,-200,-200,-200,-200,-200
?,8/08/2016 10:44,-200,-200,-78,-200,,,,-200,-200,-200,-200,-200,-200
?,8/08/2016 10:44,-200,-200,-78,-200,,-81,-200,-200,-200,-200,-200,-200,-200
?,8/08/2016 10:44,-200,-200,,,,,,-200,-200,-200,-200,-200,-200
?,8/08/2016 10:44,-200,-81,,-200,,,-200,-200,-200,-200,-200,-200,-200
?,8/08/2016 10:44,-200,-79,,-200,,,,-200,-200,-200,-200,-200,-200
?,8/08/2016 10:44,-200,-79,-200,,,,,-200,-200,-200,-200,-200,-200
?,8/08/2016 10:44,-200,-79,-200,-200,,-72,-200,-200,-200,-200,-200,-200,-200
?,8/08/2016 10:44,-200,-79,-77,,,,-200,-200,-200,-200,-200,-200,-200
?,8/08/2016 10:44,-200,-200,-77,-200,,,-200,-200,-200,-200,-200,-200,-200
?,8/08/2016 10:44,-200,-200,,-200,,,,-200,-200,-200,-200,-200,-200
?,8/08/2016 10:44,-200,-200,-77,-200,,-67,,-200,-200,-200,-200,-200,-200
?,8/08/2016 10:44,-200,-200,-200,-200,,,,-200,-200,-200,-200,-200,-200
?,8/08/2016 10:44,-200,-200,,-200,-200,,-200,-200,-200,-200,-200,-200,-200
?,8/08/2016 10:44,-200,-200,-200,,,,,-200,-200,-200,-200,-200,-200
?,8/08/2016 10:44,-200,-200,-200,-200,,,,-200,-200,-200,-200,-200,-200
?,8/08/2016 10:44,-200,-200,-200,-200,,-63,,-200,-200,-200,-200,-200,-200
?,8/08/2016 10:44,-200,-200,-200,-200,,,-200,-200,-200,-200,-200,-200,-200
?,8/08/2016 10:44,-200,-200,-81,-200,-200,,,-200,-200,-200,-200,-200,-200
?,8/08/2016 10:44,-200,-200,,,-200,,,-200,-200,-200,-200,-200,-200
?,8/08/2016 10:45,-200,-200,,,-200,-61,,-200,-200,-200,-200,-200,-200
?,8/08/2016 10:45,-200,-200,-81,-200,-200,,,-200,-200,-200,-200,-200,-200
?,8/08/2016 10:45,-200,-200,-80,-200,-200,-66,,-200,-200,-200,-200,-200,-200
?,8/08/2016 10:45,-200,-200,-80,-200,,,-200,-200,-200,-200,-200,-200,-200
?,8/08/2016 10:45,-200,-200,-80,,,,,-200,-200,-200,-200,-200,-200
?,8/08/2016 10:45,-200,-200,-80,-200,,,,-200,-200,-200,-200,-200,-200
?,8/08/2016 10:45,-200,-200,,-200,,,-200,-200,-200,-200,-200,-200,-200
?,8/08/2016 10:45,-200,-200,-80,,,,-200,-200,-200,-200,-200,-200,-200
?,8/08/2016 10:45,-200,-200,-80,-200,,,-200,-200,-200,-200,-200,-200,-200
?,8/08/2016 10:45,-200,-200,-80,-200,-200,,,-200,-200,-200,-200,-200,-200
?,8/08/2016 10:45,-200,-200,-80,-200,-200,,,-200,-200,-200,-200,-200,-200
?,8/08/2016 10:45,-200,-200,-80,-200,-200,,-200,-200,-200,-200,-200,-200,-200
?,8/08/2016 10:45,-200,-200,-200,-200,-200,,-200,-200,-200,-200,-200,-200,-200
?,8/08/2016 10:45,-200,-200,-200,-200,,-64,,-200,-200,-200,-200,-200,-200
?,8/08/2016 10:45,-200,-200,-200,-200,,,-200,-200,-200,-200,-200,-200,-200
?,8/08/2016 10:45,-200,-200,-200,-200,,,-200,-200,-200,-200,-200,-200,-200
?,8/08/2016 10:45,-200,-86,-79,,-200,,,-200,-200,-200,-200,-200,-200
?,8/08/2016 10:45,-200,-77,-80,,-200,-59,,-200,-200,-200,-200,-200,-200
?,8/08/2016 10:45,-200,-80,-80,-200,-200,,,-200,-200,-200,-200,-200,-200
?,8/08/2016 10:45,-200,-80,,-200,-200,,,-200,-200,-200,-200,-200,-200
?,8/08/2016 10:45,-200,-80,-80,-200,-200,,,-200,-200,-200,-200,-200,-200
?,8/08/2016 10:45,-200,-80,,-200,-200,,-200,-200,-200,-200,-200,-200,-200
?,8/08/2016 10:45,-200,-200,-200,-200,,-62,,-200,-200,-200,-200,-200,-200
?,8/08/2016 10:45,-200,-200,-81,-200,-200,,,-200,-200,-200,-200,-200,-200
?,8/08/2016 10:45,-200,-200,-79,-200,-200,,,-200,-200,-200,-200,-200,-200
?,8/08/2016 10:45,-200,-200,-80,-200,-200,-62,,-200,-200,-200,-200,-200,-200
?,8/08/2016 10:45,-200,-200,-80,-87,,-61,,-200,-200,-200,-200,-200,-200
?,8/08/2016 10:45,-200,-200,-80,-88,,-61,,-200,-200,-200,-200,-200,-200
?,8/08/2016 10:45,-200,-200,-80,-87,,,-200,-200,-200,-200,-200,-200,-200
?,8/08/2016 10:45,-200,-200,-200,-87,,-66,-200,-200,-200,-200,-200,-200,-200
?,8/08/2016 10:45,-200,-200,-81,,-200,-65,-200,-200,-200,-200,-200,-200,-200
?,8/08/2016 10:45,-88,-200,-81,-200,-200,,,-200,-200,-200,-200,-200,-200
?,8/08/2016 10:45,-81,-200,-81,,-200,,,-200,-200,-200,-200,-200,-200
?,8/08/2016 10:45,-81,-200,-82,,-200,-62,-200,-200,-200,-200,-200,-200,-200
?,8/08/2016 10:45,-81,-200,-81,,-200,-64,-200,-200,-200,-200,-200,-200,-200
?,8/08/2016 10:45,-81,-200,,-200,-200,,-200,-200,-200,-200,-200,-200,-200
?,8/08/2016 10:45,-81,-200,-81,-200,-200,,,-200,-200,-200,-200,-200,-200
?,8/08/2016 10:45,-200,-200,-81,-200,-200,-60,,-200,-200,-200,-200,-200,-200
?,8/08/2016 10:45,-200,-200,-200,-200,,,,-200,-200,-200,-200,-200,-200
?,8/08/2016 10:45,-200,-200,-200,-200,,-63,,-200,-200,-200,-200,-200,-200
?,8/08/2016 10:45,-200,-200,,-200,-200,,-86,-200,-200,-200,-200,-200,-200
?,8/08/2016 10:45,-200,-200,-200,-200,-200,,-83,-200,-200,-200,-200,-200,-200
?,8/08/2016 10:45,-200,-200,-200,-200,-200,,,-200,-200,-200,-200,-200,-200
?,8/08/2016 10:45,-200,-200,,,-200,-63,,-200,-200,-200,-200,-200,-200
?,8/08/2016 10:45,-200,-200,,-200,-200,,-83,-81,-200,-200,-200,-200,-200
?,8/08/2016 10:45,-200,-200,-200,-200,,,,-79,-200,-200,-200,-200,-200
?,8/08/2016 10:45,-200,-200,-200,,,,,-79,-200,-200,-200,-200,-200
?,8/08/2016 10:45,-200,-200,-200,,,-61,,-79,-200,-200,-200,-200,-200
?,8/08/2016 10:45,-200,-200,-200,,,,-82,-79,-200,-200,-200,-200,-200
?,8/08/2016 10:45,-200,-200,-200,-200,,,,-200,-200,-200,-200,-200,-200
?,8/08/2016 10:45,-200,-200,-200,-200,,-63,,-200,-200,-200,-200,-200,-200
?,8/08/2016 10:45,-200,-200,-200,-200,,,-84,-200,-200,-200,-200,-200,-200
?,8/08/2016 10:45,-200,-200,-200,-200,-200,,-84,-200,-200,-200,-200,-200,-200
?,8/08/2016 10:45,-200,-200,-200,-200,,,,-200,-200,-200,-200,-200,-200
?,8/08/2016 10:45,-200,-200,-200,-200,,,,-200,-200,-200,-200,-200,-200
?,8/08/2016 10:45,-200,-200,-200,,,,,-200,-200,-200,-200,-200,-200
?,8/08/2016 10:45,-200,-200,,-200,,,,-79,-200,-200,-200,-200,-200
?,8/08/2016 10:45,-200,-200,-200,-200,-200,-73,-200,-79,-200,-200,-200,-200,-200
?,8/08/2016 10:46,-200,-200,,,-200,,,-79,-200,-200,-200,-200,-200
?,8/08/2016 10:46,-200,-200,-77,,-200,-70,-200,-79,-200,-200,-200,-200,-200
?,8/08/2016 10:46,-200,-200,-77,-200,-200,,,-200,-200,-200,-200,-200,-200
?,8/08/2016 10:46,-200,-200,-79,-200,-200,,,-200,-200,-200,-200,-200,-200
?,8/08/2016 10:46,-200,-200,-78,-200,-200,,,-200,-200,-200,-200,-200,-200
?,8/08/2016 10:46,-200,-200,-78,,-200,,-200,-200,-200,-200,-200,-200,-200
?,8/08/2016 10:46,-200,-200,-78,-200,-200,,-200,-200,-200,-200,-200,-200,-200
?,8/08/2016 10:46,-200,-200,-78,-200,-200,,,-200,-200,-200,-200,-200,-200
?,8/08/2016 10:46,-200,-200,-200,-200,,-72,,-200,-200,-200,-200,-200,-200
?,8/08/2016 10:46,-200,-200,-200,-200,,,,-200,-200,-200,-200,-200,-200
?,8/08/2016 10:46,-200,-200,-200,-200,-200,,,-80,-200,-200,-200,-200,-200
?,8/08/2016 10:46,-200,-200,,-200,-200,-74,-79,-80,-200,-200,-200,-200,-200
?,8/08/2016 10:46,-200,-200,-200,,,,,-79,-200,-200,-200,-200,-200
?,8/08/2016 10:46,-200,-200,-200,-200,,,,-79,-200,-200,-200,-200,-200
?,8/08/2016 10:46,-200,-200,-200,-200,-200,,-83,-79,-200,-200,-200,-200,-200
?,8/08/2016 10:46,-200,-200,-200,-200,,,,-79,-200,-200,-200,-200,-200
?,8/08/2016 10:46,-200,-200,,-200,-200,,,-200,-200,-200,-200,-200,-200
?,8/08/2016 10:46,-200,-200,-200,-200,-200,-66,-200,-200,-200,-200,-200,-200,-200
?,8/08/2016 10:46,-200,-200,-200,-200,-200,,,-200,-200,-200,-200,-200,-200
?,8/08/2016 10:46,-200,-200,-200,-200,,,-200,-200,-200,-200,-200,-200,-200
?,8/08/2016 10:46,-200,-200,-200,-200,,-64,-200,-200,-200,-200,-200,-200,-200
?,8/08/2016 10:46,-200,-200,-200,-200,,,,-200,-200,-200,-200,-200,-200
?,8/08/2016 10:46,-200,-200,-200,-200,,-58,,-200,-200,-200,-200,-200,-200
?,8/08/2016 10:46,-200,-200,-200,-200,,,-200,-200,-200,-200,-200,-200,-200
?,8/08/2016 10:46,-200,-200,-200,-200,,,-200,-200,-200,-200,-200,-200,-200
?,8/08/2016 10:46,-200,-200,-200,-200,,,,-200,-200,-200,-200,-200,-200
?,8/08/2016 10:46,-200,-200,-200,,,-60,-200,-200,-200,-200,-200,-200,-200
?,8/08/2016 10:46,-200,-200,-200,,,,-200,-200,-200,-200,-200,-200,-200
?,8/08/2016 10:46,-200,-200,-200,-200,,,-200,-200,-200,-200,-200,-200,-200
?,8/08/2016 10:46,-200,-200,-200,,,,-200,-200,-200,-200,-200,-200,-200
?,8/08/2016 10:46,-200,-200,-200,-200,,,-200,-200,-200,-200,-200,-200,-200
?,8/08/2016 10:46,-200,-200,-200,-200,,,,-200,-200,-200,-200,-200,-200
?,8/08/2016 10:46,-200,-200,-200,-200,,,,-200,-200,-200,-200,-200,-200
?,8/08/2016 10:46,-200,-200,-200,-200,,-57,,-200,-200,-200,-200,-200,-200
?,8/08/2016 10:46,-200,-200,-200,-200,,-58,,-200,-200,-200,-200,-200,-200
?,8/08/2016 10:46,-200,-200,,-200,,,-200,-200,-200,-200,-200,-200,-200
?,8/08/2016 10:46,-200,-200,-200,-200,,-66,,-200,-200,-200,-200,-200,-200
?,8/08/2016 10:46,-200,-200,-200,-200,,-66,,-200,-200,-200,-200,-200,-200
?,8/08/2016 10:46,-200,-200,,-200,,,,-200,-200,-200,-200,-200,-200
?,8/08/2016 10:46,-200,-200,-200,-200,,,,-200,-200,-200,-200,-200,-200
?,8/08/2016 10:46,-200,-200,-200,,,-62,,-200,-200,-200,-200,-200,-200
?,8/08/2016 10:46,-200,-200,-200,,,,,-200,-200,-200,-200,-200,-200
?,8/08/2016 10:46,-200,-200,-200,-200,,,,-200,-200,-200,-200,-200,-200
?,8/08/2016 10:46,-200,-200,-200,-200,,-64,-200,-200,-200,-200,-200,-200,-200
?,8/08/2016 10:46,-200,-200,,-200,-200,-63,,-200,-200,-200,-200,-200,-200
?,8/08/2016 10:46,-200,-200,-200,-200,,,,-200,-200,-200,-200,-200,-200
?,8/08/2016 10:46,-200,-200,,,-200,,,-200,-200,-200,-200,-200,-200
?,8/08/2016 10:46,-200,-200,-200,-200,,-61,,-200,-200,-200,-200,-200,-200
?,8/08/2016 10:46,-200,-200,-200,,,,-200,-200,-200,-200,-200,-200,-200
?,8/08/2016 10:46,-200,-200,,,-200,,,-200,-200,-200,-200,-200,-200
?,8/08/2016 10:46,-200,-200,-200,-200,,,,-200,-200,-200,-200,-200,-200
?,8/08/2016 10:46,-200,-200,-200,-200,,,-200,-200,-200,-200,-200,-200,-200
?,8/08/2016 10:46,-200,-200,-200,,,-64,,-200,-200,-200,-200,-200,-200
?,8/08/2016 10:46,-200,-200,-200,,,,,-200,-200,-200,-200,-200,-200
?,8/08/2016 10:46,-79,-200,,-200,-200,,-200,-200,-200,-200,-200,-200,-200
?,8/08/2016 10:46,-81,-200,-200,,,,,-200,-200,-200,-200,-200,-200
?,8/08/2016 10:46,-81,-200,-200,-200,,,-200,-81,-200,-200,-200,-200,-200
?,8/08/2016 10:47,-81,-200,-200,,,,-200,-81,-200,-200,-200,-200,-200
?,8/08/2016 10:47,-81,-200,-200,-200,-200,-68,,-80,-200,-200,-200,-200,-200
?,8/08/2016 10:47,-200,-200,-200,-200,,,-200,-80,-200,-200,-200,-200,-200
?,8/08/2016 10:47,-200,-200,-200,-200,,,-200,-80,-200,-200,-200,-200,-200
?,8/08/2016 10:47,-200,-200,-200,-200,,-77,,-78,-200,-200,-200,-200,-200
?,8/08/2016 10:47,-200,-200,-200,-200,,,,-73,-200,-200,-200,-200,-200
?,8/08/2016 10:47,-200,-200,-200,-200,,,,-72,-200,-200,-200,-200,-200
?,8/08/2016 10:47,-200,-78,-200,-200,,-79,,-81,-200,-200,-200,-200,-200
?,8/08/2016 10:47,-200,-80,,-200,,-79,,-81,-200,-200,-200,-200,-200
?,8/08/2016 10:47,-81,-80,-200,,,,,-77,-200,-200,-200,-200,-200
?,8/08/2016 10:47,-81,-80,-200,-200,-200,,-200,-77,-200,-200,-80,-200,-200
?,8/08/2016 10:47,-81,-80,-200,-200,,-200,,-77,-200,-200,-80,-200,-200
?,8/08/2016 10:47,-81,-200,,-200,,,,-77,-200,-200,-80,-200,-200
?,8/08/2016 10:47,-81,-200,-200,,,-200,-81,-200,-200,-200,-80,-200,-200
?,8/08/2016 10:47,-200,-200,,-200,,,-81,-200,-200,-200,-80,-200,-200
?,8/08/2016 10:47,-200,-200,-200,-200,,,-81,-200,-200,-200,-200,-200,-200
?,8/08/2016 10:47,-200,-200,-200,-200,,,,-200,-200,-81,-200,-200,-200
?,8/08/2016 10:47,-200,-200,-200,-200,-200,,,-200,-200,-81,-200,-200,-200
?,8/08/2016 10:47,-200,-200,-200,-200,-200,,-200,-200,-200,-80,-200,-200,-200
?,8/08/2016 10:47,-200,-200,-200,-200,,-80,,-200,-200,-80,-200,-200,-200
?,8/08/2016 10:47,-200,-200,,-200,-200,,-200,-200,-200,-80,-200,-200,-200
?,8/08/2016 10:47,-200,-200,-200,-200,-200,,-200,-200,-200,-80,-200,-200,-200
?,8/08/2016 10:47,-200,-200,-200,,,,,-200,-200,-77,-200,-200,-200
?,8/08/2016 10:47,-200,-200,-200,,,,-200,-200,-200,-71,-79,-200,-200
?,8/08/2016 10:47,-200,-200,-200,-200,-200,,-200,-200,-200,-80,-79,-200,-200
?,8/08/2016 10:47,-200,-200,-200,-200,,,,-200,-200,-77,-79,-200,-200
?,8/08/2016 10:47,-200,-200,-200,-200,-200,,-200,-200,-200,-77,-74,-200,-200
?,8/08/2016 10:47,-200,-200,,,-200,,-200,-200,-200,-77,-65,-200,-200
?,8/08/2016 10:47,-200,-200,,-200,-200,,,-200,-200,-200,-66,-77,-200
?,8/08/2016 10:47,-200,-200,-200,-200,-200,,,-200,-200,-200,-70,-77,-200
?,8/08/2016 10:47,-200,-200,-200,,,,,-200,-200,-200,-71,-77,-200
?,8/08/2016 10:47,-200,-200,-200,,,-200,-200,-200,-200,-200,-61,-77,-200
?,8/08/2016 10:47,-200,-200,-200,-200,,-200,,-200,-200,-200,-61,-77,-200
?,8/08/2016 10:47,-200,-200,,-200,-200,,-200,-200,-200,-200,-65,-200,-200
?,8/08/2016 10:47,-200,-200,,,-200,,,-200,-200,-200,-63,-200,-200
?,8/08/2016 10:47,-200,-200,-200,-200,,,-200,-200,-200,-200,-64,-200,-200
?,8/08/2016 10:47,-200,-200,-200,,,,-200,-200,-200,-200,-65,-200,-200
?,8/08/2016 10:47,-200,-200,-200,-200,,,,-200,-200,-200,-67,-200,-200
?,8/08/2016 10:47,-200,-200,,-200,-200,-200,,-200,-200,-200,-67,-200,-200
?,8/08/2016 10:47,-200,-200,-200,-200,-200,,,-200,-200,-200,-67,-200,-200
?,8/08/2016 10:47,-200,-200,-200,-200,,,,-200,-200,-200,-67,-78,-200
?,8/08/2016 10:47,-200,-200,-200,-200,,,,-200,-200,-200,-66,-77,-200
?,8/08/2016 10:47,-200,-200,-200,,,,,-200,-200,-200,-65,-78,-200
?,8/08/2016 10:47,-200,-200,-200,-200,,,,-200,-200,-200,-64,-77,-200
?,8/08/2016 10:47,-200,-200,-200,,,,,-200,-200,-200,-63,-77,-200
?,8/08/2016 10:47,-200,-200,-200,-200,,,,-200,-200,-200,-61,-77,-200
?,8/08/2016 10:47,-200,-200,,-200,-200,,,-200,-200,-200,-61,-77,-200
?,8/08/2016 10:47,-200,-200,-200,-200,,,-200,-200,-200,-200,-59,-74,-200
?,8/08/2016 10:47,-200,-200,-200,,,,,-200,-200,-200,-59,-73,-200
?,8/08/2016 10:47,-200,-200,-200,,,,,-200,-200,-200,-67,-76,-200
?,8/08/2016 10:47,-200,-81,,,-200,,,-200,-200,-200,-67,-76,-200
?,8/08/2016 10:47,-200,-80,-200,-200,-200,,,-80,-200,-200,-68,-76,-200
?,8/08/2016 10:47,-200,-81,-200,,,-200,,-88,-200,-200,-68,-76,-200
?,8/08/2016 10:47,-200,-79,-200,-200,,,,-80,-200,-200,-61,-77,-200
?,8/08/2016 10:48,-200,-79,-200,-200,-200,-200,,-80,-200,-200,-60,-75,-200
?,8/08/2016 10:48,-200,-79,-200,-200,-200,-200,-200,-80,-200,-200,-60,-73,-200
?,8/08/2016 10:48,-200,-79,-200,-200,-200,,,-80,-200,-200,-61,-74,-200
?,8/08/2016 10:48,-200,-200,-200,-200,,,,-200,-200,-84,-61,-74,-200
?,8/08/2016 10:48,-200,-200,,,-200,-200,-200,-200,-200,-85,-65,-74,-200
?,8/08/2016 10:48,-200,-200,-200,-200,-200,-200,,-200,-200,-79,-65,-74,-200
?,8/08/2016 10:48,-200,-200,-200,-200,,,,-200,-200,-79,-65,-74,-200
?,8/08/2016 10:48,-200,-200,-200,,,,-200,-200,-200,-79,-63,-74,-200
?,8/08/2016 10:48,-200,-200,-200,-200,,,-200,-200,-200,-79,-63,-75,-200
?,8/08/2016 10:48,-200,-200,-200,-200,,,,-200,-200,-200,-63,-75,-200
?,8/08/2016 10:48,-200,-200,-200,-200,,-200,-200,-200,-200,-200,-61,-74,-200
?,8/08/2016 10:48,-200,-200,-200,-200,-200,,,-200,-200,-200,-60,-73,-200
?,8/08/2016 10:48,-200,-200,,-200,-200,,-200,-200,-200,-200,-60,-73,-200
?,8/08/2016 10:48,-200,-200,-200,-200,,-200,-200,-200,-200,-200,-61,-74,-200
?,8/08/2016 10:48,-200,-200,-200,-200,,,,-200,-200,-200,-62,-74,-200
?,8/08/2016 10:48,-200,-200,-200,-200,,-200,-200,-200,-200,-200,-64,-74,-200
?,8/08/2016 10:48,-200,-200,-200,-200,,,,-200,-200,-200,-64,-74,-200
?,8/08/2016 10:48,-200,-200,-200,-200,,,,-200,-200,-200,-60,-74,-200
?,8/08/2016 10:48,-200,-200,-200,-200,-200,-200,-200,-200,-200,-200,-60,-73,-200
?,8/08/2016 10:48,-200,-200,-200,,,-200,,-200,-200,-200,-59,-74,-200
?,8/08/2016 10:48,-200,-200,,,-200,-200,,-200,-200,-200,-63,-81,-200
?,8/08/2016 10:48,-200,-200,-200,,,,-200,-200,-200,-200,-64,-75,-200
?,8/08/2016 10:48,-200,-200,-200,-200,,,-200,-200,-200,-200,-63,-74,-200
?,8/08/2016 10:48,-200,-200,-200,-200,,,-200,-200,-200,-200,-63,-74,-200
?,8/08/2016 10:48,-200,-200,-200,,,-200,,-200,-200,-200,-63,-75,-200
?,8/08/2016 10:48,-200,-200,-200,-200,,,-200,-200,-200,-200,-63,-76,-200
?,8/08/2016 10:48,-200,-200,-200,,,-200,,-200,-200,-200,-63,-79,-200
?,8/08/2016 10:48,-200,-200,-200,,,,-200,-200,-200,-200,-80,-81,-200
?,8/08/2016 10:48,-200,-200,,-200,-200,,,-200,-200,-200,-73,-81,-200
?,8/08/2016 10:48,-200,-200,,-200,-200,,-200,-200,-200,-200,-72,-78,-200
?,8/08/2016 10:48,-200,-200,-200,,,-200,,-200,-200,-200,-70,-78,-78
?,8/08/2016 10:48,-200,-200,-200,-200,-200,,,-200,-200,-200,-70,-78,-78
?,8/08/2016 10:48,-200,-200,,-200,-200,,,-200,-200,-200,-81,-79,-81
?,8/08/2016 10:48,-200,-200,-200,-200,-200,,-200,-200,-200,-200,-87,-79,-81
?,8/08/2016 10:48,-200,-200,-200,,,,,-200,-200,-200,-79,-75,-79
?,8/08/2016 10:48,-200,-200,-200,-200,,,,-200,-200,-200,-79,-75,-79
?,8/08/2016 10:48,-200,-200,-200,-200,,,-200,-200,-200,-200,-79,-78,-79
?,8/08/2016 10:48,-200,-200,,-200,-200,-200,-200,-200,-200,-200,-79,-78,-79
?,8/08/2016 10:48,-200,-200,-200,-200,-200,,,-200,-200,-200,-200,-78,-200
?,8/08/2016 10:48,-200,-200,-200,-200,,,,-200,-200,-200,-200,-80,-200
?,8/08/2016 10:48,-200,-200,-200,-200,-200,,,-200,-200,-200,-200,-78,-200
?,8/08/2016 10:48,-200,-200,-200,-200,,,-200,-200,-200,-200,-200,-68,-200
?,8/08/2016 10:48,-200,-200,-200,,,,-200,-200,-200,-200,-200,-67,-200
?,8/08/2016 10:48,-200,-200,-200,-200,-200,,,-200,-200,-200,-200,-65,-200
?,8/08/2016 10:48,-200,-200,-200,-200,-200,,-200,-200,-200,-200,-200,-65,-200
?,8/08/2016 10:48,-200,-200,,,-200,,-200,-200,-200,-200,-200,-63,-200
?,8/08/2016 10:48,-200,-200,-200,-200,,,-200,-200,-200,-200,-200,-63,-200
?,8/08/2016 10:48,-200,-200,-200,-200,-200,,-200,-200,-200,-200,-200,-63,-200
?,8/08/2016 10:48,-200,-200,,,-200,,-200,-200,-200,-200,-200,-63,-200
?,8/08/2016 10:48,-200,-200,-200,,,,-200,-200,-200,-200,-200,-70,-200
?,8/08/2016 10:48,-200,-200,-200,-200,,,,-200,-200,-200,-200,-70,-200
?,8/08/2016 10:48,-200,-200,-200,-200,-200,,-200,-200,-200,-200,-200,-73,-200
?,8/08/2016 10:48,-200,-200,-200,-200,,,,-200,-200,-200,-200,-77,-200
?,8/08/2016 10:48,-200,-200,-200,-200,,-200,-200,-200,-200,-200,-200,-77,-200
?,8/08/2016 10:48,-200,-200,,-200,-200,,,-200,-200,-200,-200,-81,-200
?,8/08/2016 10:48,-200,-200,-200,,,-200,,-200,-200,-200,-200,-76,-200
?,8/08/2016 10:48,-200,-200,-200,-200,-200,,,-200,-200,-200,-200,-76,-200
?,8/08/2016 10:48,-200,-200,-200,,,,-200,-200,-200,-78,-78,-80,-200
?,8/08/2016 10:48,-200,-200,-200,-200,-200,-200,-200,-200,-200,-80,-79,-80,-200
?,8/08/2016 10:48,-200,-200,,-200,-200,,,-200,-200,-80,-77,-79,-200
?,8/08/2016 10:49,-200,-200,-200,-200,,-200,-200,-200,-200,-80,-77,-79,-200
?,8/08/2016 12:13,-77,-200,,,-200,,,-200,-200,-200,-200,-200,-200
?,8/08/2016 12:13,-81,-200,-200,,,-200,,-200,-200,-200,-200,-200,-200
?,8/08/2016 12:13,-77,-200,,-200,-200,,,-200,-200,-200,-200,-200,-200
?,8/08/2016 12:13,-79,-200,-200,,,,,-200,-200,-200,-200,-200,-200
?,8/08/2016 12:13,-78,-200,,-200,-200,,,-200,-200,-200,-200,-200,-200
?,8/08/2016 12:13,-78,-200,-200,-200,-200,,-200,-200,-200,-200,-200,-200,-200
?,8/08/2016 12:13,-78,-200,-200,,,,-200,-200,-200,-200,-200,-200,-200
?,8/08/2016 12:13,-78,-200,-200,-200,-200,,,-200,-200,-200,-200,-200,-200
?,8/08/2016 12:13,-72,-200,-200,-200,-200,-200,,-200,-200,-200,-200,-200,-200
?,8/08/2016 12:13,-71,-200,,-200,-200,,,-200,-200,-200,-200,-200,-200
?,8/08/2016 12:13,-77,-200,-200,-200,-200,,,-200,-200,-200,-200,-200,-200
?,8/08/2016 12:13,-78,-200,-200,-200,,,-200,-200,-200,-200,-200,-200,-200
?,8/08/2016 12:13,-74,-200,-200,,,-200,,-78,-200,-200,-200,-200,-200
?,8/08/2016 12:13,-78,-80,,-200,,-200,,-77,-200,-200,-200,-200,-200
?,8/08/2016 12:13,-75,-80,-200,,,,,-77,-200,-200,-200,-200,-200
?,8/08/2016 12:13,-75,-80,-200,-200,,,,-75,-200,-200,-200,-200,-200
?,8/08/2016 12:13,-75,-80,-200,,,,,-78,-200,-200,-200,-200,-200
?,8/08/2016 12:13,-81,-81,-200,-200,,,,-77,-200,-200,-200,-200,-200
?,8/08/2016 12:13,-81,-80,-200,-200,,,,-77,-200,-200,-200,-200,-200
?,8/08/2016 12:13,-82,-80,-200,-200,,-200,,-81,-200,-200,-200,-200,-200
?,8/08/2016 12:13,-79,-80,-200,-200,,,,-78,-200,-200,-200,-200,-200
?,8/08/2016 12:13,-79,-200,-200,-200,,,-200,-78,-200,-200,-200,-200,-200
?,8/08/2016 12:13,-79,-200,-200,-200,,,,-79,-200,-200,-200,-200,-200
?,8/08/2016 12:13,-200,-200,-200,-200,,,-200,-79,-200,-200,-200,-200,-200
?,8/08/2016 12:13,-200,-200,-200,-200,,-80,,-81,-200,-200,-200,-200,-200
?,8/08/2016 12:13,-200,-200,-200,-200,,-80,-200,-80,-200,-200,-200,-200,-200
?,8/08/2016 12:13,-200,-200,-200,-200,,,-200,-80,-200,-200,-200,-200,-200
?,8/08/2016 12:13,-200,-200,,,,,,-80,-200,-200,-200,-200,-200
?,8/08/2016 12:13,-200,-75,,-200,,,-200,-77,-200,-200,-200,-200,-200
?,8/08/2016 12:13,-200,-78,-200,-200,,,,-78,-200,-200,-200,-200,-200
?,8/08/2016 12:13,-200,-78,-200,-200,,-81,-200,-82,-200,-200,-200,-200,-200
?,8/08/2016 12:13,-200,-78,-200,-200,,,-200,-74,-200,-200,-200,-200,-200
?,8/08/2016 12:13,-200,-79,-200,,,,,-78,-200,-200,-200,-200,-200
?,8/08/2016 12:13,-200,-79,-200,,,,,-78,-200,-200,-200,-200,-200
?,8/08/2016 12:13,-200,-79,-200,,,-80,,-78,-200,-200,-200,-200,-200
?,8/08/2016 12:13,-200,-79,-200,-200,,-80,,-78,-200,-200,-200,-200,-200
?,8/08/2016 12:13,-200,,,-200,,,,-200,-200,-200,-200,-200,-200
?,8/08/2016 12:13,-200,-200,-200,-78,,,,-200,-200,-200,-200,-200,-200
?,8/08/2016 12:13,-200,-200,,,,-80,,-200,-200,-200,-200,-200,-200
?,8/08/2016 12:13,-200,-81,,-78,,,-200,-200,-200,-200,-200,-200,-200
?,8/08/2016 12:13,-200,-80,,-78,,-76,,-200,-200,-200,-200,-200,-200
?,8/08/2016 12:13,-200,-79,-200,-78,,,,-200,-200,-200,-200,-200,-200
?,8/08/2016 12:13,-200,-79,-200,-200,,,-200,-200,-200,-200,-200,-200,-200
?,8/08/2016 12:13,-200,-79,-200,-200,,,,-200,-200,-200,-200,-200,-200
?,8/08/2016 12:13,-200,-79,-200,,,,,-200,-200,-200,-200,-200,-200
?,8/08/2016 12:14,-200,-200,-200,,,,,-80,-200,-200,-200,-200,-200
?,8/08/2016 12:14,-200,-200,-200,,,,,-80,-200,-200,-200,-200,-200
?,8/08/2016 12:14,-200,-200,-200,-200,,-82,,-79,-200,-200,-200,-200,-200
?,8/08/2016 12:14,-200,-200,-200,-200,,-68,-200,-79,-200,-200,-200,-200,-200
?,8/08/2016 12:14,-200,-200,-200,,,,,-79,-200,-200,-200,-200,-200
?,8/08/2016 12:14,-84,-200,-200,-200,,,-200,-200,-200,-200,-200,-200,-200
?,8/08/2016 12:14,-84,-200,,-200,,,,-81,-200,-200,-200,-200,-200
?,8/08/2016 12:14,-82,-200,-200,-200,,-72,-200,-82,-200,-200,-200,-200,-200
?,8/08/2016 12:14,-82,-200,-200,-200,,,-200,-79,-200,-200,-200,-200,-200
?,8/08/2016 12:14,-83,-200,-200,,,-82,,-79,-200,-200,-200,-200,-200
?,8/08/2016 12:14,-83,-200,-200,-200,,-75,-200,-79,-200,-200,-200,-200,-200
?,8/08/2016 12:14,-83,-200,-200,-200,,,-200,-79,-200,-200,-200,-200,-200
?,8/08/2016 12:14,-83,-200,-200,-200,,,-200,-200,-200,-200,-200,-200,-200
?,8/08/2016 12:14,-83,-200,,,,,,-200,-200,-200,-200,-200,-200
?,8/08/2016 12:14,-83,-200,-200,-200,,-76,,-200,-200,-200,-200,-200,-200
?,8/08/2016 12:14,-200,-78,-200,-200,,-200,-200,-77,-200,-200,-200,-200,-200
?,8/08/2016 12:14,-200,-78,-200,-200,,,,-72,-200,-200,-200,-200,-200
?,8/08/2016 12:14,-75,-78,-200,-200,,,-200,-72,-200,-200,-200,-200,-200
?,8/08/2016 12:14,-75,-200,,-200,,,-200,-70,-200,-200,-200,-200,-200
?,8/08/2016 12:14,-73,-82,-200,-200,,,,-70,-200,-200,-200,-200,-200
?,8/08/2016 12:14,-73,-82,-200,-200,,,-200,-82,-200,-200,-200,-200,-200
?,8/08/2016 12:14,-63,-78,-200,-200,,,,-75,-200,-200,-200,-200,-200
?,8/08/2016 12:14,-63,-78,-200,-200,,,,-75,-200,-200,-200,-200,-200
?,8/08/2016 12:14,-75,-78,-200,,,,,-74,-200,-200,-200,-200,-200
?,8/08/2016 12:14,-75,-78,-200,-200,,,,-74,-200,-200,-200,-200,-200
?,8/08/2016 12:14,-71,-200,-200,-200,-200,-200,,-200,-200,-200,-200,-200,-200
?,8/08/2016 12:14,-71,-200,-200,-200,,,-200,-200,-200,-200,-200,-200,-200
?,8/08/2016 12:14,-71,-200,-200,-200,-200,,,-200,-200,-200,-200,-200,-200
?,8/08/2016 12:14,-71,-200,-200,,,,-200,-200,-200,-200,-200,-200,-200
?,8/08/2016 12:39,-79,-200,-200,-200,,-200,-200,-200,-200,-200,-200,-200,-200
?,8/08/2016 12:39,-79,-200,,-200,-200,,,-200,-200,-200,-200,-200,-200
?,8/08/2016 12:39,-79,-200,,-200,-200,,,-200,-200,-200,-200,-200,-200
?,8/08/2016 12:39,-79,-200,,,-200,-200,,-200,-200,-200,-200,-200,-200
?,8/08/2016 12:39,-79,-200,,-200,-200,,,-200,-200,-200,-200,-200,-200
?,8/08/2016 12:39,-79,-200,-200,-200,,,-200,-200,-200,-200,-200,-200,-200
?,8/08/2016 12:39,-79,-200,-200,-200,,,-200,-200,-200,-200,-200,-200,-200
?,8/08/2016 12:39,-83,-200,-200,-200,-200,,-200,-200,-200,-200,-200,-200,-200
?,8/08/2016 12:39,-80,-200,-200,-200,-200,,,-200,-200,-200,-200,-200,-200
?,8/08/2016 12:39,-80,-200,-200,-200,,,,-200,-200,-200,-200,-200,-200
?,8/08/2016 12:39,-80,-200,-200,-200,-200,,,-200,-200,-200,-200,-200,-200
?,8/08/2016 12:39,-77,-200,-200,,,,-200,-200,-200,-200,-200,-200,-200
?,8/08/2016 12:39,-75,-200,-200,-200,-200,,,-200,-200,-200,-200,-200,-200
?,8/08/2016 12:39,-75,-200,-200,-200,,,,-200,-200,-200,-200,-200,-200
?,8/08/2016 12:39,-78,-200,-200,-200,-200,,,-200,-200,-200,-200,-200,-200
?,8/08/2016 12:39,-78,-200,-200,-200,,-200,,-200,-200,-200,-200,-200,-200
?,8/08/2016 12:39,-68,-200,-200,-200,-200,,,-200,-200,-200,-200,-200,-200
?,8/08/2016 12:39,-68,-200,-200,-200,,-200,,-200,-200,-200,-200,-200,-200
?,8/08/2016 12:39,-68,-200,,-200,-200,-200,-200,-200,-200,-200,-200,-200,-200
?,8/08/2016 12:39,-76,-200,-200,-200,,,-200,-200,-200,-200,-200,-200,-200
?,8/08/2016 12:39,-72,-200,,,-200,,-200,-200,-200,-200,-200,-200,-200
?,8/08/2016 12:39,-72,-200,-200,-200,,,,-200,-200,-200,-200,-200,-200
?,8/08/2016 12:39,-79,-200,-200,-200,,,,-200,-200,-200,-200,-200,-200
?,8/08/2016 12:39,-78,-200,,-200,,-86,,-200,-200,-200,-200,-200,-200
?,8/08/2016 12:39,-78,-200,,,,,,-200,-200,-200,-200,-200,-200
?,8/08/2016 12:40,-78,-200,-200,,,,,-77,-200,-200,-200,-200,-200
?,8/08/2016 12:40,-77,-79,-200,-200,,-83,,-78,-200,-200,-200,-200,-200
?,8/08/2016 12:40,-77,-79,-200,-200,,,,-79,-200,-200,-200,-200,-200
?,8/08/2016 12:40,-77,-79,-200,,,,,-78,-200,-200,-200,-200,-200
?,8/08/2016 12:40,-78,-79,-200,,,,-200,-78,-200,-200,-200,-200,-200
?,8/08/2016 12:40,-78,-81,,,,-200,,-78,-200,-200,-200,-200,-200
?,8/08/2016 12:40,-78,-82,-200,-200,,-200,,-78,-200,-200,-200,-200,-200
?,8/08/2016 12:40,-200,-80,-200,,,,,-76,-200,-200,-200,-200,-200
?,8/08/2016 12:40,-200,-80,-200,-200,,,,-79,-200,-200,-200,-200,-200
?,8/08/2016 12:40,-200,-80,,-200,,,,-79,-200,-200,-200,-200,-200
?,8/08/2016 12:40,-200,-200,-200,-200,,-200,-200,-78,-200,-200,-200,-200,-200
?,8/08/2016 12:40,-200,-82,-200,-200,,,,-82,-200,-200,-200,-200,-200
?,8/08/2016 12:40,-200,-81,-200,-200,,-200,,-82,-200,-200,-200,-200,-200
?,8/08/2016 12:40,-200,-80,-200,-200,,,,-82,-200,-200,-200,-200,-200
?,8/08/2016 12:40,-200,-76,-200,,,,-200,-82,-200,-200,-200,-200,-200
?,8/08/2016 12:40,-200,-76,-200,,,,,-81,-200,-200,-200,-200,-200
?,8/08/2016 12:40,-200,-81,-200,,,-80,,-81,-200,-200,-200,-200,-200
?,8/08/2016 12:40,-200,-79,-200,-200,,,,-79,-200,-200,-200,-200,-200
?,8/08/2016 12:40,-200,-77,-200,-200,,-80,-200,-79,-200,-200,-200,-200,-200
?,8/08/2016 12:40,-200,-77,-200,-200,,,,-81,-200,-200,-200,-200,-200
?,8/08/2016 12:40,-200,-78,-77,-200,,,,-84,-200,-200,-200,-200,-200
?,8/08/2016 12:40,-200,-75,-77,,,,,-79,-200,-200,-200,-200,-200
?,8/08/2016 12:40,-200,-79,,,,,-200,-81,-200,-200,-200,-200,-200
?,8/08/2016 12:40,-200,-78,,-200,,,-200,-81,-200,-200,-200,-200,-200
?,8/08/2016 12:40,-200,-78,-200,-200,,-200,,-81,-200,-200,-200,-200,-200
?,8/08/2016 12:40,-200,-72,-200,-200,,-80,,-200,-200,-200,-200,-200,-200
?,8/08/2016 12:40,-200,-72,-200,-200,,,,-200,-200,-200,-200,-200,-200
?,8/08/2016 12:40,-200,-76,-200,,,,,-200,-200,-200,-200,-200,-200
?,8/08/2016 12:40,-200,-72,,-200,,,-200,-200,-200,-200,-200,-200,-200
?,8/08/2016 12:40,-200,-72,-200,-200,,,-200,-200,-200,-200,-200,-200,-200
?,8/08/2016 12:40,-200,-73,-200,-200,,-80,-200,-200,-200,-200,-200,-200,-200
?,8/08/2016 12:40,-200,-66,-200,-200,,-80,-200,-200,-200,-200,-200,-200,-200
?,8/08/2016 12:40,-200,-66,-200,-200,,,,-200,-200,-200,-200,-200,-200
?,8/08/2016 12:40,-200,-79,-80,-200,,-81,,-200,-200,-200,-200,-200,-200
?,8/08/2016 12:40,-200,-76,-78,-200,,,,-200,-200,-200,-200,-200,-200
?,8/08/2016 12:40,-200,-71,-78,,,,-200,-200,-200,-200,-200,-200,-200
?,8/08/2016 12:40,-200,-71,-78,-200,,,,-200,-200,-200,-200,-200,-200
?,8/08/2016 12:40,-200,-75,-78,-200,,-82,,-200,-200,-200,-200,-200,-200
?,8/08/2016 12:40,-200,-64,-200,-200,,,,-200,-200,-200,-200,-200,-200
?,8/08/2016 12:40,-200,-64,-200,,,,-200,-200,-200,-200,-200,-200,-200
?,8/08/2016 12:40,-200,-69,,,,,,-85,-200,-200,-200,-200,-200
?,8/08/2016 12:40,-200,-70,-200,-200,,-200,,-83,-200,-81,-200,-200,-200
?,8/08/2016 12:40,-200,-71,-77,-200,,,,-82,-200,-81,-200,-200,-200
?,8/08/2016 12:40,-200,-76,-78,-200,,,,-82,-200,-81,-200,-200,-200
?,8/08/2016 12:40,-200,-70,-78,-200,,,,-82,-200,-81,-200,-200,-200
?,8/08/2016 12:40,-200,-70,-79,-200,,-200,,-82,-200,-81,-200,-200,-200
?,8/08/2016 12:40,-200,-74,-81,,,-200,-200,-200,-200,-200,-200,-200,-200
?,8/08/2016 12:40,-200,-68,-79,-200,,,,-200,-200,-200,-200,-200,-200
?,8/08/2016 12:40,-200,-66,-79,,,,,-200,-200,-200,-200,-200,-200
?,8/08/2016 12:40,-200,-66,-79,-200,,,,-200,-200,-200,-200,-200,-200
?,8/08/2016 12:40,-200,-72,,-200,,,,-200,-200,-200,-200,-200,-200
?,8/08/2016 12:40,-200,-71,,-200,-200,-200,-200,-200,-200,-200,-200,-200,-200
?,8/08/2016 12:40,-200,-70,-200,,,-200,,-200,-200,-200,-200,-200,-200
?,8/08/2016 12:40,-200,-70,-81,-200,,,-200,-200,-200,-200,-200,-200,-200
?,8/08/2016 12:40,-200,-68,,-200,,,-200,-200,-200,-200,-200,-200,-200
?,8/08/2016 12:40,-200,-67,-79,-200,,,,-200,-200,-200,-200,-200,-200
?,8/08/2016 12:40,-200,-67,-80,-200,,-200,-200,-200,-200,-200,-200,-200,-200
?,8/08/2016 12:40,-200,-78,-80,-200,,,,-200,-200,-200,-200,-200,-200
?,8/08/2016 12:41,-200,-76,-79,,,,,-200,-200,-200,-200,-200,-200
?,8/08/2016 12:41,-200,-76,,-200,-200,,-200,-200,-200,-200,-200,-200,-200
?,8/08/2016 12:41,-200,-76,,,-200,-200,,-200,-200,-200,-200,-200,-200
?,8/08/2016 12:41,-200,-75,-79,,-200,,-200,-200,-200,-200,-200,-200,-200
?,8/08/2016 12:41,-200,-76,-81,,-200,,,-200,-200,-200,-200,-200,-200
?,8/08/2016 12:41,-200,-76,-81,,-200,,-200,-200,-200,-200,-200,-200,-200
?,8/08/2016 12:41,-200,-78,-74,,-200,,,-200,-200,-200,-200,-200,-200
?,8/08/2016 12:41,-200,-77,-75,,-200,,,-200,-200,-200,-200,-200,-200
?,8/08/2016 12:41,-200,-72,,,-200,,,-200,-200,-200,-200,-200,-200
?,8/08/2016 12:41,-200,-72,,-80,-200,,-200,-200,-200,-200,-200,-200,-200
?,8/08/2016 12:41,-200,-77,-77,-86,-200,-200,,-200,-200,-200,-200,-200,-200
?,8/08/2016 12:41,-200,-77,-78,-81,-200,-200,-200,-200,-200,-200,-200,-200,-200
?,8/08/2016 12:41,-200,-79,-78,-82,-200,,-200,-200,-200,-200,-200,-200,-200
?,8/08/2016 12:41,-200,-80,-80,-82,-200,,,-200,-200,-200,-200,-200,-200
?,8/08/2016 12:41,-200,-78,-81,-82,-200,-200,,-200,-200,-200,-200,-200,-200
?,8/08/2016 12:41,-200,-78,-80,-82,-200,,-200,-200,-200,-200,-200,-200,-200
?,8/08/2016 12:41,-200,-79,-80,-200,-200,,-200,-200,-200,-200,-200,-200,-200
?,8/08/2016 12:41,-200,-79,-71,,-200,,,-200,-200,-200,-200,-200,-200
?,8/08/2016 12:41,-200,-75,-71,-200,-200,-200,,-200,-200,-200,-200,-200,-200
?,8/08/2016 12:41,-200,-74,-74,,-200,,,-200,-200,-200,-200,-200,-200
?,8/08/2016 12:41,-200,-71,-74,-200,-200,-200,,-200,-200,-200,-200,-200,-200
?,8/08/2016 12:41,-200,-71,-74,-200,-200,,-200,-200,-200,-200,-200,-200,-200
?,8/08/2016 12:41,-200,-73,-74,-200,-200,-200,,-80,-200,-200,-200,-200,-200
?,8/08/2016 12:41,-200,-69,-74,,-200,-80,,-82,-200,-200,-200,-200,-200
?,8/08/2016 12:41,-200,-69,-74,,-200,,-200,-82,-200,-200,-200,-200,-200
?,8/08/2016 12:41,-200,-63,-200,-200,,,,-82,-200,-200,-200,-200,-200
?,8/08/2016 12:41,-200,-63,,-200,-200,-82,-200,-82,-200,-200,-200,-200,-200
?,8/08/2016 12:41,-200,-65,,-200,-200,,,-200,-200,-200,-200,-200,-200
?,8/08/2016 12:41,-200,-67,-200,-200,,,,-200,-200,-200,-200,-200,-200
?,8/08/2016 12:41,-200,-62,-80,,-200,,-200,-200,-200,-200,-200,-200,-200
?,8/08/2016 12:41,-200,-62,-80,-200,-200,-200,-200,-200,-200,-200,-200,-200,-200
?,8/08/2016 12:41,-200,-62,-81,,-200,-200,-200,-200,-200,-200,-200,-200,-200
?,8/08/2016 12:41,-200,-68,-78,,-200,,,-200,-200,-200,-200,-200,-200
?,8/08/2016 12:41,-200,-68,-81,-200,-200,,,-80,-200,-200,-200,-200,-200
?,8/08/2016 12:41,-200,-67,-80,,,,,-81,-200,-200,-200,-200,-200
?,8/08/2016 12:41,-200,-67,-85,-200,,-82,-200,-81,-200,-200,-200,-200,-200
?,8/08/2016 12:41,-200,-70,,-200,,-82,-200,-81,-200,-200,-200,-200,-200
?,8/08/2016 12:41,-200,-68,-81,,,,,-81,-200,-200,-200,-200,-200
?,8/08/2016 12:41,-200,-68,-81,-200,,,-200,-200,-200,-200,-200,-200,-200
?,8/08/2016 12:41,-200,-72,,-200,,,,-200,-200,-200,-200,-200,-200
?,8/08/2016 12:41,-200,-74,,-200,,,-200,-200,-200,-200,-200,-200,-200
?,8/08/2016 12:41,-200,-70,,-200,,,,-200,-200,-200,-200,-200,-200
?,8/08/2016 12:41,-200,-70,,-200,,,,-200,-200,-200,-200,-200,-200
?,8/08/2016 12:41,-200,-78,-200,,,-80,-200,-200,-200,-200,-200,-200,-200
?,8/08/2016 12:41,-200,-72,-200,-200,,,,-200,-200,-200,-200,-200,-200
?,8/08/2016 12:41,-200,-81,,-200,,,,-75,-200,-200,-200,-200,-200
?,8/08/2016 12:41,-200,-75,-200,,,,,-81,-200,-200,-200,-200,-200
?,8/08/2016 12:41,-200,-75,-200,-200,,,,-78,-200,-200,-200,-200,-200
?,8/08/2016 12:41,-200,-75,-200,-200,,,,-79,-200,-200,-200,-200,-200
?,8/08/2016 12:41,-200,-75,-200,,,,,-79,-200,-200,-200,-200,-200
?,8/08/2016 12:41,-200,-200,-200,-200,,,,-79,-200,-200,-200,-200,-200
?,8/08/2016 12:41,-81,-200,,-200,,,-200,-78,-200,-200,-200,-200,-200
?,8/08/2016 12:41,-78,-80,,,,,,-73,-200,-200,-200,-200,-200
?,8/08/2016 12:41,-73,-77,-200,-200,,,-200,-73,-200,-200,-200,-200,-200
?,8/08/2016 12:41,-68,-77,-200,-200,,,,-79,-200,-200,-200,-200,-200
?,8/08/2016 12:41,-71,-77,-200,-200,,,,-76,-200,-200,-200,-200,-200
?,8/08/2016 12:41,-72,-77,,-200,,,,-76,-200,-200,-200,-200,-200
?,8/08/2016 12:41,-73,-200,,-200,,,,-76,-200,-200,-200,-200,-200
?,8/08/2016 12:41,-73,-200,-200,-200,,,,-76,-200,-200,-200,-200,-200
?,8/08/2016 12:42,-74,-200,-200,-200,,-200,-200,-200,-200,-200,-200,-200,-200
?,8/08/2016 12:42,-72,-200,-200,,,-200,,-200,-200,-200,-200,-200,-200
?,8/08/2016 12:42,-77,-200,-200,,,,-200,-200,-200,-200,-200,-200,-200
?,8/08/2016 12:42,-72,-200,,-200,-200,,,-200,-200,-200,-200,-200,-200
?,8/08/2016 12:42,-72,-200,,-200,-200,,,-200,-200,-200,-200,-200,-200
?,8/08/2016 12:42,-72,-200,-200,-200,,-200,,-200,-200,-200,-200,-200,-200
?,8/08/2016 12:42,-78,-200,-200,-200,,,-200,-200,-200,-200,-200,-200,-200
?,8/08/2016 12:42,-74,-200,,-200,-200,,-200,-200,-200,-200,-200,-200,-200
?,8/08/2016 12:42,-74,-200,-200,,,,-200,-200,-200,-200,-200,-200,-200
?,8/08/2016 12:42,-74,-200,-200,-200,,,,-200,-200,-200,-200,-200,-200
?,8/08/2016 12:42,-74,-200,,-200,-200,,,-200,-200,-200,-200,-200,-200
?,8/08/2016 12:42,-200,-200,-200,-200,,,-200,-200,-81,-200,-200,-200,-200
?,8/08/2016 12:42,-200,-200,-200,-200,,-200,-200,-200,-81,-200,-200,-200,-200
?,8/08/2016 12:42,-200,-200,,-200,-200,,,-200,-81,-200,-200,-200,-200
?,8/08/2016 12:42,-200,-200,-200,-200,,,,-200,-81,-200,-200,-200,-200
?,8/08/2016 12:42,-200,-200,,-200,-200,,,-200,-81,-200,-200,-200,-200
?,8/08/2016 12:42,-200,-200,-200,-200,,,-200,-200,-81,-200,-200,-200,-200
?,8/08/2016 12:53,-64,-200,-200,-200,,-200,,-200,-200,-200,-200,-200,-200
?,8/08/2016 12:53,-64,-200,,-200,-200,-200,-200,-200,-200,-200,-200,-200,-200
?,8/08/2016 12:53,-69,-200,-200,-200,-200,-200,,-200,-200,-200,-200,-200,-200
?,8/08/2016 12:53,-70,-200,-200,-200,,,,-200,-200,-200,-200,-200,-200
?,8/08/2016 12:53,-70,-200,-200,-200,-200,,-200,-200,-200,-200,-200,-200,-200
?,8/08/2016 12:53,-72,-200,-200,-200,-200,,,-200,-200,-200,-200,-200,-200
?,8/08/2016 12:53,-78,-200,-200,,,,,-200,-200,-200,-200,-200,-200
?,8/08/2016 12:53,-70,-200,-200,-200,-200,,,-87,-200,-200,-200,-200,-200
?,8/08/2016 12:53,-70,-200,,-200,-200,,,-77,-200,-200,-200,-200,-200
?,8/08/2016 12:53,-78,-200,,-200,-200,,,-82,-200,-200,-200,-200,-200
?,8/08/2016 12:53,-74,-200,,-200,-200,,,-82,-200,-200,-200,-200,-200
?,8/08/2016 12:53,-74,-200,,-200,-200,,-200,-82,-200,-200,-200,-200,-200
?,8/08/2016 12:53,-74,-200,-200,,,,-200,-82,-200,-200,-200,-200,-200
?,8/08/2016 12:53,-76,-200,-200,-200,,,-200,-81,-200,-200,-200,-200,-200
?,8/08/2016 12:53,-76,-200,-200,-200,,,-200,-77,-200,-200,-200,-200,-200
?,8/08/2016 12:53,-76,-200,-200,,,-83,,-80,-200,-200,-200,-200,-200
?,8/08/2016 12:53,-76,-200,-200,-200,,,-200,-80,-200,-200,-200,-200,-200
?,8/08/2016 12:53,-76,-200,,,,,,-80,-200,-200,-200,-200,-200
?,8/08/2016 12:53,-76,-200,-200,,,,-200,-80,-200,-200,-200,-200,-200
?,8/08/2016 12:53,-200,-200,,-200,,,,-79,-200,-200,-200,-200,-200
?,8/08/2016 12:53,-200,-200,,,,-200,,-79,-200,-200,-200,-200,-200
?,8/08/2016 12:53,-200,-200,-200,,,,-200,-80,-200,-200,-200,-200,-200
?,8/08/2016 12:53,-200,-200,-200,-200,,-200,,-80,-200,-200,-200,-200,-200
?,8/08/2016 12:53,-200,-200,-200,-200,,,,-80,-200,-200,-200,-200,-200
?,8/08/2016 12:53,-200,-77,-200,-200,,,-200,-81,-200,-200,-200,-200,-200
?,8/08/2016 12:54,-200,-77,-200,-200,,,,-81,-200,-200,-200,-200,-200
?,8/08/2016 12:54,-200,-81,-200,-200,,,-200,-82,-200,-200,-200,-200,-200
?,8/08/2016 12:54,-200,-80,-200,,,-200,-200,-77,-200,-200,-200,-200,-200
?,8/08/2016 12:54,-84,-81,-200,,,,,-77,-200,-200,-200,-200,-200
?,8/08/2016 12:54,-80,-80,-200,,,-200,,-79,-200,-200,-200,-200,-200
?,8/08/2016 12:54,-78,-80,-200,,,,-200,-80,-200,-200,-200,-200,-200
?,8/08/2016 12:54,-78,-80,,-200,,,,-79,-200,-200,-200,-200,-200
?,8/08/2016 12:54,-78,-80,-200,,,,-200,-79,-200,-200,-200,-200,-200
?,8/08/2016 12:54,-78,-80,,-200,,,,-79,-200,-200,-200,-200,-200
?,8/08/2016 12:54,-200,-200,,-200,,,-88,-79,-200,-200,-200,-200,-200
?,8/08/2016 12:54,-200,-200,-81,,,-83,,-200,-200,-200,-200,-200,-200
?,8/08/2016 12:54,-200,-200,-81,,,-83,-84,-200,-200,-200,-200,-200,-200
?,8/08/2016 12:54,-200,-200,,-200,,,-84,-200,-200,-200,-200,-200,-200
?,8/08/2016 12:54,-200,-200,,-200,,-83,,-200,-200,-200,-200,-200,-200
?,8/08/2016 12:54,-200,-200,-81,,,-78,-87,-200,-200,-200,-200,-200,-200
?,8/08/2016 12:54,-200,-200,-200,,,-79,-85,-200,-200,-200,-200,-200,-200
?,8/08/2016 12:54,-200,-200,-200,-200,,-75,,-200,-200,-200,-200,-200,-200
?,8/08/2016 12:54,-200,-81,,-200,,,-85,-200,-200,-200,-200,-200,-200
?,8/08/2016 12:54,-200,-83,-200,-200,,,-85,-200,-200,-200,-200,-200,-200
?,8/08/2016 12:54,-200,-81,-200,,,,,-200,-200,-200,-200,-200,-200
?,8/08/2016 12:54,-200,-81,-200,,,,-200,-200,-200,-200,-200,-200,-200
?,8/08/2016 12:54,-200,-81,-200,-200,,,-200,-200,-200,-200,-200,-200,-200
?,8/08/2016 12:54,-200,-81,-200,,,-73,-200,-81,-200,-200,-200,-200,-200
?,8/08/2016 12:54,-200,-78,-200,,,-73,-200,-82,-200,-200,-200,-200,-200
?,8/08/2016 12:54,-200,-78,-200,-200,,,,-80,-200,-200,-200,-200,-200
?,8/08/2016 12:54,-200,-81,-200,-200,,-71,,-80,-200,-200,-200,-200,-200
?,8/08/2016 12:54,-200,-81,-200,-200,,,,-80,-200,-200,-200,-200,-200
?,8/08/2016 12:54,-200,-82,-200,,,,-200,-80,-200,-200,-200,-200,-200
?,8/08/2016 12:54,-200,-80,-200,,,,,-200,-200,-200,-200,-200,-200
?,8/08/2016 12:54,-200,-80,,,,-69,-200,-200,-200,-200,-200,-200,-200
?,8/08/2016 12:54,-200,-80,,-200,,,,-200,-200,-200,-200,-200,-200
?,8/08/2016 12:54,-200,-80,-200,-200,,,-200,-200,-200,-200,-200,-200,-200
?,8/08/2016 12:54,-200,-200,-200,-200,-200,,,-200,-200,-200,-200,-200,-200
?,8/08/2016 12:54,-200,-200,-200,-200,,-76,,-200,-200,-200,-200,-200,-200
?,8/08/2016 12:54,-200,-200,-200,-200,,,-200,-200,-200,-200,-200,-200,-200
?,8/08/2016 12:54,-200,-200,-200,,,,,-200,-200,-200,-200,-200,-200
?,8/08/2016 12:54,-200,-200,-200,-200,,,-200,-200,-200,-200,-200,-200,-200
?,8/08/2016 12:54,-200,-200,-200,-200,,,-200,-200,-200,-200,-200,-200,-200
?,8/08/2016 12:54,-200,-200,-200,-200,-200,-68,,-200,-200,-200,-200,-200,-200
?,8/08/2016 12:54,-200,-200,-200,-200,,,,-87,-200,-200,-200,-200,-200
?,8/08/2016 12:54,-200,-200,-200,-200,-200,,,-83,-200,-200,-200,-200,-200
?,8/08/2016 12:54,-200,-200,-200,,,-73,,-83,-200,-200,-200,-200,-200
?,8/08/2016 12:54,-200,-200,-200,-200,-200,-73,,-83,-200,-200,-200,-200,-200
?,8/08/2016 12:54,-200,-200,-200,,,,,-83,-200,-200,-200,-200,-200
?,8/08/2016 12:54,-200,-200,-200,,,-77,-82,-200,-200,-200,-200,-200,-200
?,8/08/2016 12:54,-200,-200,-200,,,,-82,-200,-200,-200,-200,-200,-200
?,8/08/2016 12:54,-200,-200,-200,-200,-200,-83,,-200,-200,-200,-200,-200,-200
?,8/08/2016 12:54,-200,-200,-200,-200,-200,,,-200,-200,-200,-200,-200,-200
?,8/08/2016 12:54,-200,-200,-200,-200,-200,-79,-77,-200,-200,-200,-200,-200,-200
?,8/08/2016 12:54,-200,-200,-200,-200,,,,-200,-200,-200,-200,-200,-200
?,8/08/2016 12:54,-200,-200,-200,-200,-200,,,-200,-200,-200,-200,-200,-200
?,8/08/2016 12:54,-200,-200,-200,,,,,-200,-200,-200,-200,-200,-200
?,8/08/2016 12:54,-200,-200,,-200,-200,-79,,-200,-200,-200,-200,-200,-200
?,8/08/2016 12:54,-200,-200,,-200,-200,,-76,-200,-200,-200,-200,-200,-200
?,8/08/2016 12:54,,-200,-200,-200,-200,,-77,-200,-200,-200,-200,-200,-200
?,8/08/2016 12:54,-200,-200,-200,,,,-77,-200,-200,-200,-200,-200,-200
?,8/08/2016 12:54,-200,-200,-200,-200,,-80,,-200,-200,-200,-200,-200,-200
?,8/08/2016 12:54,-200,-200,-200,,,,,-200,-200,-200,-200,-200,-200
?,8/08/2016 12:55,-200,-200,-200,,,,,-200,-200,-200,-200,-200,-200
?,8/08/2016 12:55,-200,-200,-200,-200,,,-70,-200,-200,-200,-200,-200,-200
?,8/08/2016 12:55,-200,-200,,-200,-200,,,-200,-200,-200,-200,-200,-200
?,8/08/2016 12:55,-200,-200,,-200,-200,-79,,-200,-200,-200,-200,-200,-200
?,8/08/2016 12:55,-200,-200,,-200,-200,,,-200,-200,-200,-200,-200,-200
?,8/08/2016 12:55,-200,-200,-200,-200,,,,-200,-200,-200,-200,-200,-200
?,8/08/2016 12:55,-200,-200,-200,,,,,-200,-200,-200,-200,-200,-200
?,8/08/2016 12:55,-200,-200,-200,-77,,,,-200,-200,-200,-200,-200,-200
?,8/08/2016 12:55,-200,-200,-200,,,,,-200,-200,-200,-200,-200,-200
?,8/08/2016 12:55,-200,-200,-200,-78,,,,-200,-200,-200,-200,-200,-200
?,8/08/2016 12:55,-200,-200,-200,,,,,-200,-200,-200,-200,-200,-200
?,8/08/2016 12:55,-200,-200,,-77,-200,,,-200,-200,-200,-200,-200,-200
?,8/08/2016 12:55,-200,-200,,-78,-200,-80,,-200,-200,-200,-200,-200,-200
?,8/08/2016 12:55,-200,-200,-200,-78,,,,-200,-200,-200,-200,-200,-200
?,8/08/2016 12:55,-200,-200,-200,-78,,,,-200,-200,-200,-200,-200,-200
?,8/08/2016 12:55,-200,-200,,-82,-200,-79,-69,-200,-200,-200,-200,-200,-200
?,8/08/2016 12:55,-200,-200,-200,-82,,-79,-65,-200,-200,-200,-200,-200,-200
?,8/08/2016 12:55,-200,-200,,-79,-200,-79,,-200,-200,-200,-200,-200,-200
?,8/08/2016 12:55,-200,-200,,-79,-200,,,-200,-200,-200,-200,-200,-200
?,8/08/2016 12:55,-200,-200,-200,-80,,,,-200,-200,-200,-200,-200,-200
?,8/08/2016 12:55,-200,-200,-200,-80,,,,-200,-200,-200,-200,-200,-200
?,8/08/2016 12:55,-200,-200,-200,-80,,,-81,-200,-200,-200,-200,-200,-200
?,8/08/2016 12:55,-200,-200,-200,-80,,-75,,-200,-200,-200,-200,-200,-200
?,8/08/2016 12:55,-200,-200,-200,-200,,,-72,-200,-200,-200,-200,-200,-200
?,8/08/2016 12:55,-200,-200,-200,,,,-72,-200,-200,-200,-200,-200,-200
?,8/08/2016 12:55,-200,-200,,-200,-200,,-72,-200,-200,-200,-200,-200,-200
?,8/08/2016 12:55,-200,-200,-200,-200,-200,-77,,-200,-200,-200,-200,-200,-200
?,8/08/2016 12:55,-200,-200,-200,,,-77,-200,-200,-200,-200,-200,-200,-200
?,8/08/2016 12:55,-200,-200,-200,-200,,,-200,-200,-200,-200,-200,-200,-200
?,8/08/2016 12:55,-200,-200,,-200,-200,,-200,-200,-200,-200,-200,-200,-200
?,8/08/2016 12:55,-200,-200,,-200,,,-200,-200,-200,-200,-200,-200,-200
?,8/08/2016 12:55,-200,-200,,-200,,-71,-200,-200,-200,-200,-200,-200,-200
?,8/08/2016 12:55,-200,-200,-200,-200,,-67,,-200,-200,-200,-200,-200,-200
?,8/08/2016 12:56,-77,-200,-200,-200,,,,-200,-200,-200,-200,-200,-200
?,8/08/2016 12:56,-81,-200,-200,,,,,-200,-200,-200,-200,-200,-200
?,8/08/2016 12:56,-81,-200,-200,-200,,,,-200,-200,-200,-200,-200,-200
?,9/08/2016 12:54,-200,-200,-200,,,,,-200,-200,-200,-200,-200,-200
?,9/08/2016 12:54,-200,-200,-200,,,,-200,-87,-200,-200,-200,-200,-200
?,9/08/2016 12:54,-200,-200,-200,-200,,,,-87,-200,-200,-200,-200,-200
?,9/08/2016 12:54,-200,-200,-200,,,,,-87,-200,-200,-200,-200,-200
?,9/08/2016 12:54,-200,-200,-200,-200,,-80,,-87,-200,-200,-200,-200,-200
?,9/08/2016 12:54,-200,-200,-200,-200,,-80,-79,-87,-200,-200,-200,-200,-200
?,9/08/2016 12:54,-200,-200,-200,-200,,,,-87,-200,-200,-200,-200,-200
?,9/08/2016 12:54,-200,-200,-200,-200,-200,,,-200,-200,-200,-200,-200,-200
?,9/08/2016 12:54,-200,-200,-200,-200,,,,-200,-200,-200,-200,-200,-200
?,9/08/2016 12:54,-200,-200,-200,,,,,-200,-200,-200,-200,-200,-200
?,9/08/2016 12:54,-200,-200,,-78,-200,-81,,-200,-200,-200,-200,-200,-200
?,9/08/2016 12:54,-200,-200,,-78,-200,,,-200,-200,-200,-200,-200,-200
?,9/08/2016 12:54,-200,-200,,-79,-200,,,-200,-200,-200,-200,-200,-200
?,9/08/2016 12:54,-200,-200,-200,-78,-200,-79,,-200,-200,-200,-200,-200,-200
?,9/08/2016 12:54,-200,-200,,-78,-200,,,-200,-200,-200,-200,-200,-200
?,9/08/2016 12:54,-200,-200,-200,-78,,-81,-75,-200,-200,-200,-200,-200,-200
?,9/08/2016 12:54,-200,-200,,-78,,,,-200,-200,-200,-200,-200,-200
?,9/08/2016 12:54,-200,-200,-200,-200,,,,-200,-200,-200,-200,-200,-200
?,9/08/2016 12:54,-200,-200,-200,-200,,-71,-75,-200,-200,-200,-200,-200,-200
?,9/08/2016 12:54,-200,-200,,,,,,-200,-200,-200,-200,-200,-200
?,9/08/2016 12:54,-200,-200,-200,,,,-81,-200,-200,-200,-200,-200,-200
?,9/08/2016 12:54,-200,-200,,-200,-200,,-75,-200,-200,-200,-200,-200,-200
?,9/08/2016 12:54,-200,-200,,-200,-200,,-75,-200,-200,-200,-200,-200,-200
?,9/08/2016 12:54,-200,-200,-200,-200,,,-75,-200,-200,-200,-200,-200,-200
?,9/08/2016 12:54,-200,-200,-200,-200,,,,-200,-200,-200,-200,-200,-200
?,9/08/2016 12:54,-81,-87,,,-200,,-200,-200,-200,-200,-200,-200,-200
?,9/08/2016 12:54,-87,-81,-200,,,,,-200,-200,-200,-200,-200,-200
?,9/08/2016 12:54,-84,-84,-200,-200,,,-200,-200,-200,-200,-200,-200,-200
?,9/08/2016 12:54,-84,-84,,-200,-200,,,-200,-200,-200,-200,-200,-200
?,9/08/2016 12:54,-84,-84,-200,-200,,,,-200,-200,-200,-200,-200,-200
?,9/08/2016 12:54,-84,-84,-200,-200,,-68,-200,-200,-200,-200,-200,-200,-200
?,9/08/2016 12:54,-200,-200,,-200,-200,,,-78,-200,-200,-200,-200,-200
?,9/08/2016 12:54,-200,-200,-200,-200,,,-200,-84,-200,-200,-200,-200,-200
?,9/08/2016 12:54,-200,-200,-200,-200,,,,-84,-200,-200,-200,-200,-200
?,9/08/2016 12:54,-200,-200,-200,,,,,-84,-200,-200,-200,-200,-200
?,9/08/2016 12:54,-200,-200,-200,-200,,,-200,-84,-200,-200,-200,-200,-200
?,9/08/2016 12:54,-200,-200,,,,,-200,-74,-200,-200,-200,-200,-200
?,9/08/2016 12:54,-200,-200,-200,,,,,-81,-200,-200,-200,-200,-200
?,9/08/2016 12:54,-200,-200,,-200,-200,,,-81,-200,-200,-200,-200,-200
?,9/08/2016 12:54,-200,-200,-200,-200,,,-200,-81,-200,-200,-200,-200,-200
?,9/08/2016 12:54,-200,-200,-200,-200,-200,-80,,-81,-200,-200,-200,-200,-200
?,9/08/2016 12:54,-200,-200,,,-200,,,-80,-200,-200,-200,-200,-200
?,9/08/2016 12:54,-200,-79,-200,-200,,,,-80,-200,-200,-200,-200,-200
?,9/08/2016 12:54,-81,-82,,-200,,,,-80,-200,-200,-200,-200,-200
?,9/08/2016 12:54,-82,-82,-200,-200,,,,-80,-200,-200,-200,-200,-200
?,9/08/2016 12:54,-83,-82,-200,-200,,-200,-200,-200,-200,-200,-200,-200,-200
?,9/08/2016 12:54,-75,-82,-200,-200,,-200,-200,-200,-200,-200,-200,-200,-200
?,9/08/2016 12:54,-80,-200,-200,-200,,,,-200,-200,-200,-200,-200,-200
?,9/08/2016 12:54,-72,-200,,-200,,-200,,-80,-200,-200,-200,-200,-200
?,9/08/2016 12:54,-70,-200,-200,,,,,-78,-200,-200,-200,-200,-200
?,9/08/2016 12:54,-70,-200,-200,,,,-200,-78,-200,-200,-200,-200,-200
?,9/08/2016 12:54,-73,-200,,,,,,-78,-200,-200,-200,-200,-200
?,9/08/2016 12:54,-73,-200,-200,-200,,-200,,-78,-200,-200,-200,-200,-200
?,9/08/2016 12:54,-74,-200,-200,-200,-200,-200,,-200,-200,-200,-200,-200,-200
?,9/08/2016 12:54,-75,-200,-200,-200,-200,,,-200,-200,-200,-200,-200,-200
?,9/08/2016 12:55,-79,-200,,,-200,,-200,-200,-200,-200,-200,-200,-200
?,9/08/2016 12:55,-79,-200,,,-200,,-200,-200,-200,-200,-200,-200,-200
?,9/08/2016 12:55,-76,-200,-200,-200,,-200,-200,-200,-200,-200,-200,-200,-200
?,9/08/2016 12:55,-81,-200,-200,-200,-200,,-200,-200,-200,-200,-200,-200,-200
?,9/08/2016 12:55,-78,-200,,-200,-200,,-200,-200,-200,-200,-200,-200,-200
?,9/08/2016 12:55,-78,-200,-200,-200,,-200,-200,-200,-200,-200,-200,-200,-200
?,9/08/2016 12:55,-78,-200,-200,-200,,,-200,-200,-200,-200,-200,-200,-200
?,9/08/2016 12:55,-78,-200,-200,,,,-200,-200,-200,-200,-200,-200,-200
?,8/10/2016 11:51,-75,-200,-200,-200,-200,,,-200,-200,-200,-200,-200,-200
?,8/10/2016 11:51,-76,-200,,-200,-200,,-200,-200,-200,-200,-200,-200,-200
?,8/10/2016 11:51,-76,-200,-200,-200,,-200,-200,-200,-200,-200,-200,-200,-200
?,8/10/2016 11:51,-76,-200,,,-200,,-200,-200,-200,-200,-200,-200,-200
?,8/10/2016 11:51,-72,-200,-200,-200,,-200,,-200,-85,-200,-200,-200,-200
?,8/10/2016 11:51,-66,-200,-200,,,,-200,-200,-83,-200,-200,-200,-200
?,8/10/2016 11:51,-66,-200,,-200,-200,,,-200,-84,-200,-200,-200,-200
?,8/10/2016 11:51,-71,-200,-200,-200,,-200,,-200,-84,-200,-200,-200,-200
?,8/10/2016 11:51,-69,-200,,,-200,,,-200,-84,-200,-200,-200,-200
?,8/10/2016 11:51,-69,-200,-200,-200,,,,-200,-84,-200,-200,-200,-200
?,8/10/2016 11:51,-72,-200,-200,-200,,,-200,-200,-200,-200,-200,-200,-200
?,8/10/2016 11:51,-72,-200,-200,-200,,,,-200,-200,-200,-200,-200,-200
?,8/10/2016 11:51,-75,-200,,-200,,,,-200,-200,-200,-200,-200,-200
?,8/10/2016 11:51,-78,-200,,-200,,,,-81,-200,-200,-200,-200,-200
?,8/10/2016 11:51,-77,-200,,-200,,,-200,-78,-200,-200,-200,-200,-200
?,8/10/2016 11:51,-75,-200,-200,-200,,,,-78,-200,-200,-200,-200,-200
?,8/10/2016 11:51,-75,-81,-200,-200,,,,-79,-200,-200,-200,-200,-200
?,8/10/2016 11:51,-75,-81,,-200,,,,-77,-200,-200,-200,-200,-200
?,8/10/2016 11:51,-75,-81,-200,,,,-200,-77,-200,-200,-200,-200,-200
?,8/10/2016 11:51,-200,-81,,-200,,,-200,-77,-200,-200,-200,-200,-200
?,8/10/2016 11:51,-200,-81,,-200,,,,-72,-200,-200,-200,-200,-200
?,8/10/2016 11:51,-200,-200,,-200,,,,-71,-200,-200,-200,-200,-200
?,8/10/2016 11:51,-200,-200,-200,-200,,,,-75,-200,-200,-200,-200,-200
?,8/10/2016 11:51,-200,-200,-200,,,,-200,-75,-200,-200,-200,-200,-200
?,8/10/2016 11:51,-200,-200,,-88,,,,-75,-200,-200,-200,-200,-200
?,8/10/2016 11:51,-200,-200,-200,-85,,-81,,-200,-200,-200,-200,-200,-200
?,8/10/2016 11:51,-200,-200,-200,-86,,,,-200,-200,-200,-200,-200,-200
?,8/10/2016 11:51,-200,-200,-200,-86,,,-200,-200,-200,-200,-200,-200,-200
?,8/10/2016 11:51,-200,-200,-200,-86,,,,-200,-200,-200,-200,-200,-200
?,8/10/2016 11:51,-200,-81,-200,-200,,-81,,-200,-200,-200,-200,-200,-200
?,8/10/2016 11:51,-200,-82,-200,,,-79,,-200,-200,-200,-200,-200,-200
?,8/10/2016 11:51,-200,-81,,-200,,,,-200,-200,-200,-200,-200,-200
?,8/10/2016 11:51,-200,-81,-200,-200,,-78,,-200,-200,-200,-200,-200,-200
?,8/10/2016 11:51,-200,-81,-200,-200,,-78,,-200,-200,-200,-200,-200,-200
?,8/10/2016 11:51,-200,-81,-200,-200,,,,-200,-200,-200,-200,-200,-200
?,8/10/2016 11:51,-200,-200,-200,-200,,,,-200,-200,-200,-200,-200,-200
?,8/10/2016 11:51,-200,-200,-200,-200,,,,-200,-200,-200,-200,-200,-200
?,8/10/2016 11:51,-200,-86,,-200,,-59,-83,-200,-200,-200,-200,-200,-200
?,8/10/2016 11:52,-200,-81,-200,-200,,,,-200,-200,-200,-200,-200,-200
?,8/10/2016 11:52,-200,-82,-200,,,-65,-85,-200,-200,-200,-200,-200,-200
?,8/10/2016 11:52,-200,-82,,-200,-200,,-80,-200,-200,-200,-200,-200,-200
?,8/10/2016 11:52,-200,-82,,-200,-200,,-80,-200,-200,-200,-200,-200,-200
?,8/10/2016 11:52,-200,-82,-200,,,,-83,-200,-200,-200,-200,-200,-200
?,8/10/2016 11:52,-200,-200,,,-200,,,-200,-200,-200,-200,-200,-200
?,8/10/2016 11:52,-200,-200,-200,-200,,,-83,-200,-200,-200,-200,-200,-200
?,8/10/2016 11:52,-200,-200,-200,,,,,-200,-200,-200,-200,-200,-200
?,8/10/2016 11:52,-200,-200,-200,,,,-200,-200,-200,-200,-200,-200,-200
?,8/10/2016 11:52,-200,-200,,,-200,,-79,-200,-200,-200,-200,-200,-200
?,8/10/2016 11:52,-200,-200,-200,,,,,-200,-200,-200,-200,-200,-200
?,8/10/2016 11:52,-200,-200,-200,-200,,,,-200,-200,-200,-200,-200,-200
?,8/10/2016 11:52,-200,-200,-200,-200,-200,,-80,-200,-200,-200,-200,-200,-200
?,8/10/2016 11:52,-200,-200,-200,-200,,-81,,-200,-200,-200,-200,-200,-200
?,8/10/2016 11:52,-200,-200,-200,,,,-79,-200,-200,-200,-200,-200,-200
?,8/10/2016 11:52,-200,-200,-200,-200,-200,-77,-79,-200,-200,-200,-200,-200,-200
?,8/10/2016 11:52,-200,-200,-200,,,,-73,-200,-200,-200,-200,-200,-200
?,8/10/2016 11:52,-200,-200,,-200,-200,,,-200,-200,-200,-200,-200,-200
?,8/10/2016 11:52,-200,-200,,,-200,,,-200,-200,-200,-200,-200,-200
?,8/10/2016 11:52,-200,-200,,,-200,-79,,-200,-200,-200,-200,-200,-200
?,8/10/2016 11:52,-200,-200,-200,,,,,-200,-200,-200,-200,-200,-200
?,8/10/2016 11:52,-200,-200,-200,-200,-200,-79,-77,-200,-200,-200,-200,-200,-200
?,8/10/2016 11:52,-200,-200,,-77,-200,-79,,-200,-200,-200,-200,-200,-200
?,8/10/2016 11:52,-200,-200,-200,,,,,-200,-200,-200,-200,-200,-200
?,8/10/2016 11:52,-200,-200,-200,-78,-200,,,-200,-200,-200,-200,-200,-200
?,8/10/2016 11:52,-200,-200,-200,,,,,-200,-200,-200,-200,-200,-200
?,8/10/2016 11:52,-200,-200,,-76,-200,,,-200,-200,-200,-200,-200,-200
?,8/10/2016 11:52,-200,-81,-200,-75,,,-81,-200,-200,-200,-200,-200,-200
?,8/10/2016 11:52,-200,-80,-200,-71,-200,-200,-81,-200,-200,-200,-200,-200,-200
?,8/10/2016 11:52,-200,-82,-76,-66,-200,,-81,-200,-200,-200,-200,-200,-200
?,8/10/2016 11:52,-200,-82,-76,-66,-200,,,-200,-200,-200,-200,-200,-200
?,8/10/2016 11:52,-200,-82,-76,-70,-200,-200,,-200,-200,-200,-200,-200,-200
?,8/10/2016 11:52,-200,-82,-76,-68,-200,,,-200,-200,-200,-200,-200,-200
?,8/10/2016 11:52,-200,-200,-81,-68,-200,,,-200,-200,-200,-200,-200,-200
?,8/10/2016 11:52,-200,-200,,,-200,,,-200,-200,-200,-200,-200,-200
?,8/10/2016 11:52,-200,-200,-80,-76,-200,,-200,-200,-200,-200,-200,-200,-200
?,8/10/2016 11:52,-200,-200,-79,-76,-200,,,-200,-200,-200,-200,-200,-200
?,8/10/2016 11:52,-200,-200,-79,,-200,,-200,-200,-200,-200,-200,-200,-200
?,8/10/2016 11:52,-200,-200,,-76,-200,,,-200,-200,-200,-200,-200,-200
?,8/10/2016 11:52,-200,-200,-79,-77,-200,,-200,-200,-200,-200,-200,-200,-200
?,8/10/2016 11:52,-200,-200,-200,-76,,,,-200,-200,-200,-200,-200,-200
?,8/10/2016 11:52,-200,-200,,-82,-200,,-200,-200,-200,-200,-200,-200,-200
?,8/10/2016 11:52,-200,-200,-200,-82,,,-200,-200,-200,-200,-200,-200,-200
?,8/10/2016 11:52,-200,-200,-200,-79,-200,,,-200,-200,-200,-200,-200,-200
?,8/10/2016 11:52,-200,-200,-200,-79,,,,-200,-200,-200,-200,-200,-200
?,8/10/2016 11:52,-200,-200,,-79,-200,,,-200,-200,-200,-200,-200,-200
?,8/10/2016 11:52,-200,-200,-200,-79,,,,-200,-200,-200,-200,-200,-200
?,8/10/2016 11:52,-200,-200,,-81,-200,,,-200,-200,-200,-200,-200,-200
?,8/10/2016 11:52,-200,-200,-200,-81,,-200,-200,-200,-200,-200,-200,-200,-200
?,8/10/2016 11:52,-200,-200,-200,-81,-200,-200,,-200,-200,-200,-200,-200,-200
?,8/10/2016 11:52,-200,-200,-200,,,,,-200,-200,-200,-200,-200,-200
?,8/10/2016 11:52,-200,-200,-200,,,,-200,-200,-200,-200,-200,-200,-200
?,8/10/2016 11:52,-200,-200,-200,-77,,,,-200,-200,-200,-200,-200,-200
?,8/10/2016 11:52,-200,-200,,,-200,,-200,-200,-200,-200,-200,-200,-200
?,8/10/2016 11:52,-200,-200,,-77,-200,-200,,-200,-200,-200,-200,-200,-200
?,8/10/2016 11:52,-200,-200,,,-200,-200,,-200,-200,-200,-200,-200,-200
?,8/10/2016 11:52,-200,-200,,-77,-200,,,-200,-200,-200,-200,-200,-200
?,8/10/2016 11:52,-200,-200,-200,,,,,-200,-200,-200,-200,-200,-200
?,8/10/2016 11:52,-200,-200,-200,-77,,-200,,-200,-200,-200,-200,-200,-200
?,8/10/2016 11:53,-200,-200,,-77,-200,,,-200,-200,-200,-200,-200,-200
?,8/10/2016 11:53,-200,-200,-200,-78,,,-200,-200,-200,-200,-200,-200,-200
?,8/10/2016 11:53,-200,-200,-200,-78,,,,-200,-200,-200,-200,-200,-200
?,8/10/2016 11:53,-200,-200,,,-200,-200,,-200,-200,-200,-200,-200,-200
?,8/10/2016 11:53,-200,-200,-200,-82,,,-200,-200,-200,-200,-200,-200,-200
?,8/10/2016 11:53,-200,-200,-200,-82,-200,-200,,-200,-200,-200,-200,-200,-200
?,8/10/2016 11:53,-200,-200,,-80,-200,,,-200,-200,-200,-200,-200,-200
?,8/10/2016 11:53,-200,-200,,-80,-200,-200,-200,-200,-200,-200,-200,-200,-200
?,8/10/2016 11:53,-200,-200,-200,-81,-200,-200,-200,-200,-200,-200,-200,-200,-200
?,8/10/2016 11:53,-200,-200,-200,-80,-200,,,-200,-200,-200,-200,-200,-200
?,8/10/2016 11:53,-200,-200,-200,-79,-200,,-200,-200,-200,-200,-200,-200,-200
?,8/10/2016 11:53,-200,-200,-200,-79,,,,-200,-200,-200,-200,-200,-200
?,8/10/2016 11:53,-200,-200,-200,,,-200,-200,-200,-200,-200,-200,-200,-200
?,8/10/2016 11:53,-200,-200,-200,-80,,,-200,-200,-200,-200,-200,-200,-200
?,8/10/2016 11:53,-200,-200,-200,-80,-200,,,-200,-200,-200,-200,-200,-200
?,8/10/2016 11:53,-200,-200,,,-200,,-200,-200,-200,-200,-200,-200,-200
?,8/10/2016 11:53,-200,-200,-200,-82,-200,,-200,-200,-200,-200,-200,-200,-200
?,8/10/2016 11:53,-200,-200,-200,-82,,,-200,-200,-200,-200,-200,-200,-200
?,8/10/2016 11:53,-200,-200,-200,,,,,-200,-200,-200,-200,-200,-200
?,8/10/2016 11:53,-200,-200,-200,-80,,,-200,-200,-200,-200,-200,-200,-200
?,8/10/2016 11:53,-200,-200,-200,-80,-200,-200,,-200,-200,-200,-200,-200,-200
?,8/10/2016 11:53,-200,-200,,-80,-200,,,-200,-200,-200,-200,-200,-200
?,8/10/2016 11:53,-200,,-200,-82,-200,,,-200,-200,-200,-200,-200,-200
?,8/10/2016 11:53,-200,-200,-200,-81,,-200,,-200,-200,-200,-200,-200,-200
?,8/10/2016 11:53,-200,-200,-200,-79,-200,-200,-200,-200,-200,-200,-200,-200,-200
?,8/10/2016 11:53,-200,-200,-200,-79,,,-200,-200,-200,-200,-200,-200,-200
?,8/10/2016 11:53,-200,-200,-200,,,-200,,-200,-200,-200,-200,-200,-200
?,8/10/2016 11:53,-200,-200,-200,,,-200,-200,-200,-200,-200,-200,-200,-200
?,8/10/2016 11:53,-200,-200,,-79,-200,,-200,-200,-200,-200,-200,-200,-200
?,8/10/2016 11:53,-200,-200,-200,-81,,-200,,-200,-200,-200,-200,-200,-200
?,8/10/2016 11:53,-200,-200,-200,-79,-200,,,-200,-200,-200,-200,-200,-200
?,8/10/2016 11:53,-200,-200,-200,-79,,,,-200,-200,-200,-200,-200,-200
?,8/10/2016 11:53,-200,-200,-200,,,,,-200,-200,-200,-200,-200,-200
?,8/10/2016 11:53,-200,-200,-200,-79,,,,-200,-200,-200,-200,-200,-200
?,8/10/2016 11:53,-200,-200,-200,-79,,,-200,-200,-200,-200,-200,-200,-200
?,8/10/2016 11:53,-200,-200,-200,-79,,-200,,-200,-200,-200,-200,-200,-200
?,8/10/2016 11:53,-200,-200,-200,-79,,-200,,-200,-200,-200,-200,-200,-200
?,8/10/2016 11:53,-200,-200,-200,-79,,,,-200,-200,-200,-200,-200,-200
?,8/10/2016 11:53,-200,-200,,-200,-200,,,-200,-200,-200,-200,-200,-200
?,8/10/2016 11:53,-200,-200,-200,-200,,,,-200,-200,-200,-200,-200,-200
?,8/10/2016 11:53,-200,-81,,-200,-200,,,-200,-200,-200,-200,-200,-200
?,8/10/2016 11:53,-200,-81,-79,-200,-200,,,-200,-200,-200,-200,-200,-200
?,8/10/2016 11:53,-200,-81,,-200,-200,,-200,-200,-200,-200,-200,-200,-200
?,8/10/2016 11:53,-200,-81,,-200,-200,,,-200,-200,-200,-200,-200,-200
?,8/10/2016 11:53,-200,-81,-76,-200,-200,-79,,-200,-200,-200,-200,-200,-200
?,8/10/2016 11:53,-200,-81,,,-200,,,-200,-200,-200,-200,-200,-200
?,8/10/2016 11:53,-200,-200,-74,-200,-200,-79,,-200,-200,-200,-200,-200,-200
?,8/10/2016 11:53,-200,-200,-75,,-200,-200,-200,-200,-200,-200,-200,-200,-200
?,8/10/2016 11:53,-200,-200,,-200,-200,-200,,-200,-200,-200,-200,-200,-200
?,8/10/2016 11:53,-200,-200,-77,-200,-200,-200,,-200,-200,-200,-200,-200,-200
?,8/10/2016 11:53,-200,-200,-80,-200,-200,-200,-200,-200,-200,-200,-200,-200,-200
?,8/10/2016 11:54,-200,-200,-77,-200,-200,,,-200,-200,-200,-200,-200,-200
?,8/10/2016 11:54,-200,-200,-77,,-200,-200,-200,-200,-200,-200,-200,-200,-200
?,8/10/2016 11:54,-200,-200,,-200,-200,-200,,-200,-200,-200,-200,-200,-200
?,8/10/2016 11:54,-200,-200,,-200,-200,,-200,-200,-200,-200,-200,-200,-200
?,8/10/2016 11:54,-200,-200,-200,-200,,,-200,-200,-200,-200,-200,-200,-200
?,8/10/2016 11:54,-200,-200,-200,,,,,-200,-200,-200,-200,-200,-200
?,8/10/2016 11:54,-200,-200,,-200,-200,,,-200,-200,-200,-200,-200,-200
?,8/10/2016 11:54,-200,-200,-85,-200,-200,,-200,-200,-200,-200,-200,-200,-200
?,8/10/2016 11:54,-200,-74,-80,,-200,,-200,-200,-200,-200,-200,-200,-200
?,8/10/2016 11:54,-200,-74,-80,,-200,,,-200,-200,-200,-200,-200,-200
?,8/10/2016 11:54,-200,-75,-80,,-200,,-200,-200,-200,-200,-200,-200,-200
?,8/10/2016 11:54,-200,-75,-200,-200,-200,-83,,-200,-200,-200,-200,-200,-200
?,8/10/2016 11:54,-200,-75,-200,-200,,,,-200,-200,-200,-200,-200,-200
?,8/10/2016 11:54,-200,-78,-85,-200,,,,-200,-200,-200,-200,-200,-200
?,8/10/2016 11:54,-200,-75,,-200,,,,-200,-200,-200,-200,-200,-200
?,8/10/2016 11:54,-200,-70,,-200,,-83,,-200,-200,-200,-200,-200,-200
?,8/10/2016 11:54,-200,-70,,-200,,-83,-200,-200,-200,-200,-200,-200,-200
?,8/10/2016 11:54,-200,-70,-79,-200,,-200,-200,-200,-200,-200,-200,-200,-200
?,8/10/2016 11:54,-200,-70,-78,,,,,-200,-200,-200,-200,-200,-200
?,8/10/2016 11:54,-200,-70,-80,,,,-200,-200,-200,-200,-200,-200,-200
?,8/10/2016 11:54,-200,-70,-84,,,,,-200,-200,-200,-200,-200,-200
?,8/10/2016 11:54,-200,-70,-84,-200,,,-200,-200,-200,-200,-200,-200,-200
?,8/10/2016 11:54,-200,-69,-81,-200,,,,-200,-200,-200,-200,-200,-200
?,8/10/2016 11:54,-200,-68,-79,-200,,,-200,-200,-200,-200,-200,-200,-200
?,8/10/2016 11:54,-200,-68,,-200,,,,-200,-200,-200,-200,-200,-200
?,8/10/2016 11:54,-200,-67,,,,,,-200,-200,-200,-200,-200,-200
?,8/10/2016 11:54,-200,-67,-78,-200,,-200,,-200,-200,-200,-200,-200,-200
?,8/10/2016 11:54,-200,-75,-80,-200,,-200,,-200,-200,-200,-200,-200,-200
?,8/10/2016 11:54,-200,-75,-80,-81,,-200,,-81,-200,-200,-200,-200,-200
?,8/10/2016 11:54,-200,-79,-80,-79,,,,-76,-200,-200,-200,-200,-200
?,8/10/2016 11:54,-200,-73,-80,-79,,-200,,-79,-200,-200,-200,-200,-200
?,8/10/2016 11:54,-200,-73,,-79,,,,-76,-200,-200,-200,-200,-200
?,8/10/2016 11:54,-200,-72,-200,,,,,-76,-200,-200,-200,-200,-200
?,8/10/2016 11:54,-200,-80,,,,,-200,-80,-200,-200,-200,-200,-200
?,8/10/2016 11:54,-200,-74,-200,-200,,,,-80,-200,-200,-200,-200,-200
?,8/10/2016 11:54,-200,-74,,-200,,,-200,-78,-200,-200,-200,-200,-200
?,8/10/2016 11:54,-200,-79,-200,-200,,-82,,-78,-200,-200,-200,-200,-200
?,8/10/2016 11:54,-200,-79,,-200,,,,-78,-200,-200,-200,-200,-200
?,8/10/2016 11:54,-200,-76,-200,,,-82,,-83,-200,-200,-200,-200,-200
?,8/10/2016 11:54,-200,-76,-200,,,,-200,-88,-200,-200,-200,-200,-200
?,8/10/2016 11:54,-200,-76,-200,-200,,-200,-200,-82,-200,-200,-200,-200,-200
?,8/10/2016 11:54,-200,-76,-200,-200,,,,-76,-200,-200,-200,-200,-200
?,8/10/2016 11:54,-200,-200,-200,-200,,-200,-200,-76,-200,-200,-200,-200,-200
?,8/10/2016 11:54,-200,-200,-200,-200,,-200,,-76,-200,-88,-200,-200,-200
?,8/10/2016 11:54,-200,-200,-200,,,-200,,-80,-200,-89,-200,-200,-200
?,8/10/2016 11:54,-76,-200,,-200,,,,-80,-200,-88,-200,-200,-200
?,8/10/2016 11:54,-77,-76,-200,-200,,,,-80,-200,-88,-200,-200,-200
?,8/10/2016 11:54,-80,-76,,-200,,-200,,-80,-200,-88,-200,-200,-200
?,8/10/2016 11:54,-200,-78,,,-200,,,-200,-200,-200,-200,-200,-200
?,8/10/2016 13:46,-104,-200,-200,-200,,,-200,-200,-200,-200,-200,-200,-200
?,8/10/2016 13:46,-105,-200,-200,-200,-200,,-200,-200,-200,-200,-200,-200,-200
?,8/10/2016 13:46,-77,-200,-200,-200,,,,-94,-100,-200,-200,-200,-200
?,8/10/2016 13:46,-200,-103,-200,-200,,,-200,-98,-200,-200,-200,-200,-200
?,8/10/2016 13:46,-82,-200,-200,-200,,-200,,-200,-200,-200,-200,-200,-200
?,8/10/2016 13:46,-200,-101,-200,,,,,-88,-200,-200,-200,-200,-200
?,8/10/2016 13:46,-90,-200,-200,-200,,-200,-200,-87,-200,-100,-200,-200,-200
?,8/10/2016 13:46,-83,-200,-200,,,,-200,-92,-200,-200,-200,-200,-200
?,8/10/2016 13:46,-200,-95,-200,-200,,,,-200,-200,-200,-200,-200,-200
?,8/10/2016 13:46,-200,-200,-200,-200,,,,-92,-200,-200,-200,-200,-200
?,8/10/2016 13:46,-200,-89,-200,-200,,,,-200,-200,-200,-200,-200,-200
?,8/10/2016 13:46,-200,-93,-200,-200,,-200,,-97,-200,-200,-200,-200,-200
?,8/10/2016 13:46,-100,-95,,-200,-200,,,-200,-200,-200,-200,-200,-200
?,8/10/2016 13:46,-200,-95,-200,,,-200,,-200,-200,-200,-200,-200,-200
?,8/10/2016 13:47,-200,-95,-200,-200,,-200,,-200,-200,-200,-200,-200,-200
?,8/10/2016 13:47,-200,-200,-200,,,,-200,-200,-200,-200,-200,-200,-200
?,8/10/2016 13:47,-200,-101,-200,-200,-200,,,-200,-200,-200,-200,-200,-200
?,8/10/2016 13:47,-200,-99,,-200,-200,,,-200,-200,-200,-200,-200,-200
?,8/10/2016 13:47,-200,-200,-200,,,,,-200,-200,-200,-200,-200,-200
?,8/10/2016 13:47,-200,-98,-200,,,,,-200,-200,-200,-200,-200,-200
?,8/10/2016 13:47,-200,-98,,,-200,-200,,-200,-200,-104,-200,-200,-200
?,8/10/2016 13:47,-200,-91,-200,,,,-200,-200,-200,-200,-200,-200,-200
?,8/10/2016 13:47,-200,-91,,-200,-200,,,-200,-200,-200,-200,-200,-200
?,8/10/2016 13:47,-103,-200,-200,-200,,,-200,-200,-200,-200,-200,-200,-200
?,8/10/2016 13:47,-200,-91,-200,-200,,,-200,-98,-200,-99,-200,-200,-200
?,8/10/2016 13:47,-200,-90,,-200,-200,,,-200,-200,-200,-200,-200,-200
?,8/10/2016 13:47,-200,-95,-200,-200,,,,-200,-200,-105,-200,-200,-200
?,8/10/2016 13:47,-200,-98,-200,-200,,-200,-200,-200,-200,-200,-200,-200,-200
?,8/10/2016 13:47,-200,-100,-200,-200,,-200,-200,-200,-200,-200,-200,-200,-200
?,8/10/2016 13:47,-200,-101,-200,,,,-200,-200,-200,-200,-200,-200,-200
?,8/10/2016 13:47,-200,-95,-200,-200,,,-200,-200,-200,-200,-200,-200,-200
?,8/10/2016 13:47,-100,-94,-200,,,,,-98,-200,-98,-200,-200,-200
?,8/10/2016 13:47,-99,-97,,-200,,,-200,-200,-200,-99,-200,-200,-200
?,8/10/2016 13:47,-200,-97,-200,-200,,,,-98,-200,-200,-200,-200,-200
?,8/10/2016 13:47,-200,-200,-200,-200,,,,-200,-200,-200,-200,-200,-200
?,8/10/2016 13:47,-102,-90,-200,-200,,,-200,-92,-200,-200,-200,-200,-200
?,8/10/2016 13:47,-89,-98,,-200,-200,,-200,-92,-200,-200,-200,-200,-200
?,8/10/2016 13:47,-200,-200,-200,,,,-200,-98,-200,-200,-200,-200,-200
?,8/10/2016 13:47,-96,-200,,,-200,-200,-200,-200,-200,-200,-200,-200,-200
?,8/10/2016 13:47,-93,-200,-200,-200,,,,-87,-200,-200,-200,-200,-200
?,8/10/2016 13:47,-97,-200,,-200,-200,,,-85,-200,-100,-200,-200,-200
?,8/10/2016 13:47,-200,-200,-200,-200,,,-200,-200,-200,-200,-200,-200,-200
?,8/10/2016 13:47,-200,-200,-200,-200,,,-200,-200,-200,-200,-200,-200,-200
?,8/10/2016 13:47,-200,-200,-200,-200,,,,-87,-200,-200,-200,-200,-200
?,8/10/2016 13:47,-200,-200,-200,-200,,-101,,-81,-200,-98,-200,-200,-200
?,8/10/2016 13:47,-200,,,-200,,,-200,-200,-200,-91,-200,-200,-200
?,8/10/2016 13:47,-200,-200,,-200,-200,,,-200,-200,-91,-200,-200,-200
?,8/10/2016 13:47,-200,-200,,,-200,,,-200,-200,-91,-200,-200,-200
?,8/10/2016 13:47,-200,-200,-200,-200,-200,,-200,-90,-200,-88,-97,-200,-200
?,8/10/2016 13:47,-200,-200,-200,-200,,,,-103,-200,-83,-92,-200,-200
?,8/10/2016 13:47,-200,-200,-200,-200,-200,-200,-200,-101,-103,-85,-104,-200,-200
?,8/10/2016 13:47,-200,-200,-200,,,,,-200,-200,-105,-100,-200,-200
?,8/10/2016 13:47,-200,-200,-200,,,-200,,-200,-93,-89,-200,-200,-200
?,8/10/2016 13:47,-200,-200,-200,-200,-200,,,-200,-200,-86,-101,-200,-200
?,8/10/2016 13:47,-200,-200,-200,-200,,,-200,-200,-200,-200,-98,-200,-200
?,8/10/2016 13:47,-200,-200,-200,,,,,-89,-200,-90,-100,-200,-200
?,8/10/2016 13:47,-200,-200,-200,-200,,,,-200,-105,-89,-105,-200,-200
?,8/10/2016 13:48,-200,-200,,-200,-200,,-200,-200,-200,-99,-91,-200,-200
?,8/10/2016 13:48,-200,-200,-200,-200,,-200,,-96,-200,-91,-96,-200,-200
?,8/10/2016 13:48,-200,-107,-200,-200,-200,,-200,-91,-200,-99,-101,-200,-200
?,8/10/2016 13:48,-200,-200,-200,-200,,-200,,-200,-200,-99,-200,-200,-200
?,8/10/2016 13:48,-200,-200,,-200,,,,-81,-200,-96,-200,-200,-200
?,8/10/2016 13:48,-200,-200,-200,,,,,-78,-200,-98,-200,-200,-200
?,8/10/2016 13:48,-200,-200,-200,-200,,-99,,-90,-200,-106,-200,-200,-200
?,8/10/2016 13:48,-200,-200,,-200,-200,-105,,-102,-200,-200,-200,-200,-200
?,8/10/2016 13:48,-200,-105,-200,-200,,,,-103,-200,-200,-200,-200,-200
?,8/10/2016 13:48,-200,-101,-200,,,,-200,-86,-200,-89,-200,-200,-200
?,8/10/2016 13:48,-200,-102,-200,-200,,-99,,-200,-200,-90,-200,-200,-200
?,8/10/2016 13:48,-102,-95,-200,-200,,,-200,-78,-200,-200,-200,-200,-200
?,8/10/2016 13:48,-200,-93,-200,-200,,-200,-200,-83,-200,-200,-104,-200,-200
?,8/10/2016 13:48,-96,-86,-104,,,,,-200,-200,-200,-200,-200,-200
?,8/10/2016 13:48,-100,-200,-200,-200,,,-200,-200,-200,-200,-200,-200,-200
?,8/10/2016 13:48,-200,-89,-200,,,,-200,-92,-200,-200,-200,-200,-200
?,8/10/2016 13:48,-200,-90,,-200,,-91,,-200,-200,-200,-200,-200,-200
?,8/10/2016 13:48,-200,-200,-200,-200,,,,-200,-200,-200,-200,-200,-200
?,8/10/2016 13:48,-200,-200,-200,-200,,-83,-99,-95,-200,-200,-200,-200,-200
?,8/10/2016 13:48,-200,-97,-200,-200,,,-200,-200,-200,-200,-200,-200,-200
?,8/10/2016 13:48,-200,-96,-200,,,,,-200,-200,-200,-200,-200,-200
?,8/10/2016 13:48,-200,-88,-200,,,-200,,-200,-200,-200,-200,-200,-200
?,8/10/2016 13:48,-200,-200,-200,,,-200,-200,-200,-200,-200,-200,-200,-200
?,8/10/2016 13:48,-200,-80,,-98,,-200,,-200,-200,-104,-200,-200,-200
?,8/10/2016 13:48,-200,-200,,,,-89,,-200,-200,-200,-200,-200,-200
?,8/10/2016 13:48,-200,-75,-90,-200,,-200,,-200,-200,-200,-200,-200,-200
?,8/10/2016 13:48,-200,-88,-200,-99,,-200,,-200,-200,-200,-200,-200,-200
?,8/10/2016 13:48,-200,-71,-200,-100,,-96,,-200,-200,-200,-200,-200,-200
?,8/10/2016 13:48,-200,-84,-200,-200,,-94,-200,-200,-200,-200,-200,-200,-200
?,8/10/2016 13:48,-200,-74,-91,-200,,,,-200,-200,-200,-200,-200,-200
?,8/10/2016 13:48,-200,-78,-97,-100,,,,-200,-200,-200,-200,-200,-200
?,8/10/2016 13:48,-200,-80,-200,-200,-200,-95,,-200,-200,-200,-200,-200,-200
?,8/10/2016 13:48,-200,-81,,,,,-200,-200,-200,-200,-200,-200,-200
?,8/10/2016 13:48,-200,-80,-95,,,,,-200,-200,-200,-200,-200,-200
?,8/10/2016 13:48,-200,-76,,,,,-200,-101,-200,-200,-200,-200,-200
?,8/10/2016 13:48,-200,-200,,-200,,,-200,-98,-200,-200,-200,-200,-200
?,8/10/2016 13:48,-200,-200,-200,-200,,-200,,-200,-200,-200,-200,-200,-200
?,8/10/2016 13:48,-200,-83,,,,-200,-200,-200,-200,-200,-200,-200,-200
?,8/10/2016 13:48,-200,-79,-200,-200,,,-200,-100,-200,-200,-200,-200,-200
?,8/10/2016 13:48,-200,-86,-91,-200,-200,-88,,-200,-200,-200,-200,-200,-200
?,8/10/2016 13:48,-200,-86,-200,-200,,,-200,-200,-200,-200,-200,-200,-200
?,8/10/2016 13:48,-200,-93,-200,-200,,,-200,-200,-200,-200,-200,-200,-200
?,8/10/2016 13:48,-200,-84,,,-200,-91,,-200,-200,-200,-200,-200,-200
?,8/10/2016 13:48,-200,-92,-200,,,-97,-200,-200,-200,-200,-200,-200,-200
?,8/10/2016 13:48,-200,-89,,-98,,,-200,-200,-200,-200,-200,-200,-200
?,8/10/2016 13:48,-200,-89,-97,-200,-200,,,-200,-200,-200,-200,-200,-200
?,8/10/2016 13:49,-200,-200,-97,,,,,-200,-200,-200,-200,-200,-200
?,8/10/2016 13:49,-200,-87,-200,-101,,,,-200,-200,-200,-200,-200,-200
?,8/10/2016 13:49,-200,-89,-200,-200,,,-200,-200,-200,-200,-200,-200,-200
?,8/10/2016 13:49,-200,-95,-92,,,,-200,-200,-200,-200,-200,-200,-200
?,8/10/2016 13:49,-200,-200,-97,-99,-200,,,-200,-200,-200,-200,-200,-200
?,8/10/2016 13:49,-200,-93,,-200,-200,,,-200,-200,-200,-200,-200,-200
?,8/10/2016 13:49,-200,-90,,-101,,,,-200,-200,-200,-200,-200,-200
?,8/10/2016 13:49,-200,-90,-91,-200,,-200,,-200,-200,-200,-200,-200,-200
?,8/10/2016 13:49,-200,-91,-200,-200,-200,,,-200,-200,-200,-200,-200,-200
?,8/10/2016 13:49,-200,-86,-200,,,-200,,-200,-200,-200,-200,-200,-200
?,8/10/2016 13:49,-200,-89,-200,-103,,,,-200,-200,-200,-200,-200,-200
?,8/10/2016 13:49,-200,-77,-91,-100,-200,-200,-200,-200,-200,-200,-200,-200,-200
?,8/10/2016 13:49,-200,-79,-90,,,,-200,-200,-200,-200,-200,-200,-200
?,8/10/2016 13:49,-200,-79,-88,,,,-200,-200,-200,-200,-200,-200,-200
?,8/10/2016 13:49,-200,-77,,-95,,-95,-200,-200,-200,-200,-200,-200,-200
?,8/10/2016 13:49,-200,-80,-91,-96,,,-200,-200,-200,-200,-200,-200,-200
?,8/10/2016 13:49,-200,-81,-89,-200,-200,,-200,-200,-200,-200,-200,-200,-200
?,8/10/2016 13:49,-200,-74,-91,-200,,,-200,-96,-200,-200,-200,-200,-200
?,8/10/2016 13:49,-200,-78,,-99,,,-200,-96,-200,-200,-200,-200,-200
?,8/10/2016 13:49,-200,-78,-90,,,,,-96,-200,-200,-200,-200,-200
?,8/10/2016 13:49,-200,-75,-88,,,,-200,-98,-200,-200,-200,-200,-200
?,8/10/2016 13:49,-200,-80,-95,-200,,,-200,-200,-200,-200,-200,-200,-200
?,8/10/2016 13:49,-200,-77,,-96,-200,-95,-200,-200,-200,-200,-200,-200,-200
?,8/10/2016 13:49,-200,-83,-90,,,,-200,-200,-200,-200,-200,-200,-200
?,8/10/2016 13:49,-200,-81,-89,-97,-200,,,-200,-200,-200,-200,-200,-200
?,8/10/2016 13:49,-200,-81,,,,-95,-200,-95,-200,-200,-200,-200,-200
?,8/10/2016 13:49,-200,-78,-87,-200,,-95,-200,-96,-200,-200,-200,-200,-200
?,8/10/2016 13:49,-200,-82,-89,-102,,,-200,-98,-200,-200,-200,-200,-200
?,8/10/2016 13:49,-200,-81,,-200,,-200,,-200,-200,-200,-200,-200,-200
?,8/10/2016 13:49,-200,-78,-200,,,,,-200,-200,-200,-200,-200,-200
?,8/10/2016 13:49,-200,-77,-90,-102,,-95,,-200,-200,-200,-200,-200,-200
?,8/10/2016 13:49,-200,-78,,-200,,,,-98,-200,-200,-200,-200,-200
?,8/10/2016 13:49,-200,-80,-89,-200,,,,-99,-200,-200,-200,-200,-200
?,8/10/2016 13:49,-200,-80,-90,,,,-200,-200,-200,-200,-200,-200,-200
?,8/10/2016 13:49,-200,-82,,-96,,,-200,-100,-200,-200,-200,-200,-200
?,8/10/2016 13:49,-200,-90,-95,,,-90,,-200,-200,-200,-200,-200,-200
?,8/10/2016 13:49,-200,-91,-90,,,,-200,-101,-200,-200,-200,-200,-200
?,8/10/2016 13:49,-200,-84,,,,-200,,-99,-200,-200,-200,-200,-200
?,8/10/2016 13:49,-200,-93,-200,,,,,-200,-200,-200,-200,-200,-200
?,8/10/2016 13:49,-200,-92,,-100,-200,-91,,-200,-200,-200,-200,-200,-200
?,8/10/2016 13:49,-200,-87,-200,,,,-200,-200,-200,-200,-200,-200,-200
?,8/10/2016 13:49,-200,-200,-88,-101,,-91,-200,-200,-200,-200,-105,-200,-200
?,8/10/2016 13:49,-200,-85,,-200,,,,-200,-200,-200,-200,-200,-200
?,8/10/2016 13:49,-200,-91,-200,-200,,,-200,-200,-200,-200,-200,-200,-200
?,8/10/2016 13:49,-200,-83,-200,,,,-200,-200,-200,-200,-200,-200,-200
?,8/10/2016 13:49,-200,-81,,-95,,-200,,-200,-200,-200,-200,-200,-200
?,8/10/2016 13:49,-200,-84,,-90,-200,,-200,-200,-200,-200,-200,-200,-200
?,8/10/2016 13:49,-200,-82,,,-200,,,-200,-200,-200,-200,-200,-200
?,8/10/2016 13:49,-200,-82,-90,,-200,-92,,-200,-200,-200,-200,-200,-200
?,8/10/2016 13:49,-200,-83,-200,-94,,,-200,-200,-200,-200,-200,-200,-200
?,8/10/2016 13:50,-200,-85,-92,,,,-200,-200,-200,-200,-200,-200,-200
?,8/10/2016 13:50,-200,-200,-93,-200,-200,,,-200,-200,-200,-200,-200,-200
?,8/10/2016 13:50,-200,-86,-96,,-200,,-200,-200,-200,-200,-200,-200,-200
?,8/10/2016 13:50,-200,-85,-89,-92,,,-200,-200,-200,-200,-200,-200,-200
?,8/10/2016 13:50,-200,-85,,,-200,,,-200,-200,-200,-200,-200,-200
?,8/10/2016 13:50,-200,-82,-92,-91,-200,,-200,-200,-200,-200,-200,-200,-200
?,8/10/2016 13:50,-200,-84,-94,-98,-200,,,-200,-200,-200,-200,-200,-200
?,8/10/2016 13:50,-200,-84,-91,-98,-200,-200,,-200,-200,-200,-200,-200,-200
?,8/10/2016 13:50,-200,-83,-200,-200,,-200,-200,-200,-200,-200,-200,-200,-200
?,8/10/2016 13:50,-200,-82,,,-200,-200,,-200,-200,-200,-200,-200,-200
?,8/10/2016 13:50,-200,-82,,-92,-200,,-200,-200,-200,-200,-200,-200,-200
?,8/10/2016 13:50,-200,-200,-200,-98,,-200,,-200,-200,-200,-200,-200,-200
?,8/10/2016 13:50,-200,-84,-92,-97,-200,,-200,-100,-200,-200,-200,-200,-200
?,8/10/2016 13:50,-200,-86,-93,-96,-200,,,-200,-200,-200,-200,-200,-200
?,8/10/2016 13:50,-200,-83,-200,-200,,-200,,-200,-200,-200,-200,-200,-200
?,8/10/2016 13:50,-200,-85,-90,,-200,,,-200,-200,-200,-200,-200,-200
?,8/10/2016 13:50,-200,-200,,,-200,,-200,-200,-200,-200,-200,-200,-200
?,8/10/2016 13:50,-200,-87,-200,-91,,,,-200,-200,-200,-200,-200,-200
?,8/10/2016 13:50,-200,-87,-95,,-200,-200,,-200,-200,-200,-200,-200,-200
?,8/10/2016 13:50,-200,-84,,-98,-200,,,-200,-200,-200,-200,-200,-200
?,8/10/2016 13:50,-200,-87,-90,,-200,-98,,-200,-200,-200,-200,-200,-200
?,8/10/2016 13:50,-200,-83,,-200,-200,-104,-200,-200,-200,-200,-200,-200,-200
?,8/10/2016 13:50,-200,-84,-93,-93,-200,,,-200,-200,-200,-200,-200,-200
?,8/10/2016 13:50,-200,-83,-92,-93,,,,-200,-200,-200,-200,-200,-200
?,8/10/2016 13:50,-200,-83,-200,-97,,,,-200,-200,-200,-200,-200,-200
?,8/10/2016 13:50,-200,-82,-200,,,,,-200,-200,-200,-200,-200,-200
?,8/10/2016 13:50,-200,-82,-92,-102,-200,,,-200,-200,-200,-200,-200,-200
?,8/10/2016 13:50,-200,-85,-89,-200,,,,-200,-200,-200,-200,-200,-200
?,8/10/2016 13:50,-200,-200,-86,-200,-200,,-200,-200,-200,-200,-200,-200,-200
?,8/10/2016 13:50,-200,-83,-93,-94,,,,-200,-200,-200,-200,-200,-200
?,8/10/2016 13:50,-200,-83,,-200,,,-200,-200,-200,-200,-200,-200,-200
?,8/10/2016 13:50,-200,-99,-88,-200,,-200,,-97,-200,-200,-200,-200,-200
?,8/10/2016 13:50,-200,-82,-91,-200,,,-200,-100,-200,-200,-200,-200,-200
?,8/10/2016 13:50,-200,-82,-200,,,-200,,-200,-200,-200,-200,-200,-200
?,8/10/2016 13:50,-200,-75,,,,,-200,-200,-200,-200,-200,-200,-200
?,8/10/2016 13:50,-200,-74,-90,,,-200,-200,-106,-200,-200,-200,-200,-200
?,8/10/2016 13:50,-200,-73,-200,-200,,-200,-200,-200,-200,-200,-200,-200,-200
?,8/10/2016 13:50,-200,-73,-200,-200,-200,,,-200,-200,-200,-200,-200,-200
?,8/10/2016 13:50,-200,-200,-200,-200,,-90,,-200,-200,-200,-200,-200,-200
?,8/10/2016 13:50,-200,-80,,-105,-200,,,-200,-200,-200,-200,-200,-200
?,8/10/2016 13:50,-200,-88,,-200,,,,-103,-200,-200,-200,-200,-200
?,8/10/2016 13:50,-200,-81,-86,-200,,,,-104,-200,-200,-200,-200,-200
?,8/10/2016 13:50,-200,-82,-200,,,,,-200,-200,-200,-200,-200,-200
?,8/10/2016 13:50,-200,-80,-91,,-200,,-200,-200,-200,-200,-200,-200,-200
?,8/10/2016 13:50,-200,-81,-88,-200,,,-200,-200,-200,-200,-200,-200,-200
?,8/10/2016 13:50,-200,-77,,,,,,-200,-200,-200,-200,-200,-200
?,8/10/2016 13:50,-200,-77,-200,,,,-200,-200,-200,-200,-200,-200,-200
?,8/10/2016 13:50,-200,-74,-96,-103,-200,,,-200,-200,-200,-200,-200,-200
?,8/10/2016 13:50,-200,-77,-93,-200,-200,-96,-200,-200,-200,-200,-200,-200,-200
?,8/10/2016 13:51,-200,-75,-97,-200,-200,,-200,-200,-200,-200,-200,-200,-200
?,8/10/2016 13:51,-200,-79,-200,-99,-200,,-200,-200,-200,-200,-200,-200,-200
?,8/10/2016 13:51,-200,-75,-95,-200,-200,-91,,-200,-200,-200,-200,-200,-200
?,8/10/2016 13:51,-200,-78,,,-200,,,-102,-200,-200,-200,-200,-200
?,8/10/2016 13:51,-200,-80,-91,,-200,,-200,-200,-200,-200,-200,-200,-200
?,8/10/2016 13:51,-200,-70,,-100,,,,-200,-200,-200,-200,-200,-200
?,8/10/2016 13:51,-200,-70,-200,,,,,-104,-200,-200,-200,-200,-200
?,8/10/2016 13:51,-200,-72,-98,-200,,,,-200,-200,-200,-200,-200,-200
?,8/10/2016 13:51,-200,-70,-200,-98,,,,-200,-200,-200,-200,-200,-200
?,8/10/2016 13:51,-200,-70,-97,,,-93,,-200,-200,-200,-200,-200,-200
?,8/10/2016 13:51,-200,-67,-200,-200,,,,-200,-200,-200,-200,-200,-200
?,8/10/2016 13:51,-200,-65,-200,-200,,,-200,-103,-200,-200,-200,-200,-200
?,8/10/2016 13:51,-200,-71,-91,,-200,,,-200,-200,-200,-200,-200,-200
?,8/10/2016 13:51,-200,-68,,,,,-200,-200,-200,-200,-200,-200,-200
?,8/10/2016 13:51,-200,-72,-102,-99,,,,-200,-200,-200,-200,-200,-200
?,8/10/2016 13:51,-200,-78,-98,-200,,-200,,-200,-200,-200,-200,-200,-200
?,8/10/2016 13:51,-200,-69,-200,-200,,,,-200,-200,-200,-200,-200,-200
?,8/10/2016 13:51,-200,-70,-200,-200,,-200,,-103,-200,-200,-200,-200,-200
?,8/10/2016 13:51,-200,-67,-100,-200,-200,,,-99,-200,-200,-200,-200,-200
?,8/10/2016 13:51,-200,-64,-92,-101,,-200,,-98,-200,-200,-200,-200,-200
?,8/10/2016 13:51,-200,-68,-200,-200,,-200,,-200,-200,-200,-200,-200,-200
?,8/10/2016 13:51,-200,-200,-94,-97,-200,-200,-200,-200,-200,-200,-200,-200,-200
?,8/10/2016 13:51,-200,-200,,,,,,-200,-200,-200,-200,-200,-200
?,8/10/2016 13:51,-200,-75,-90,-95,,-90,,-200,-200,-200,-200,-200,-200
?,8/10/2016 13:51,-200,-200,-94,-200,,,,-200,-200,-200,-200,-200,-200
?,8/10/2016 13:51,-200,-77,-105,,-200,-96,,-200,-200,-200,-200,-200,-200
?,8/10/2016 13:51,-200,-80,-200,-200,,,-200,-100,-200,-200,-200,-200,-200
?,8/10/2016 13:51,-200,-200,,,-200,,-200,-103,-200,-200,-200,-200,-200
?,8/10/2016 13:51,-200,-79,-200,-200,,,-200,-200,-200,-200,-200,-200,-200
?,8/10/2016 13:51,-200,-78,-98,-200,-200,,-200,-200,-200,-200,-200,-200,-200
?,8/10/2016 13:51,-200,-82,-95,-200,-200,,-200,-200,-200,-200,-200,-200,-200
?,8/10/2016 13:51,-200,-200,,,,,,-104,-200,-200,-200,-200,-200
?,8/10/2016 13:51,-200,-77,-200,,,,,-200,-200,-200,-200,-200,-200
?,8/10/2016 13:51,-200,-73,-200,-200,,,,-200,-200,-200,-200,-200,-200
?,8/10/2016 13:51,-200,-71,-97,-200,,,,-200,-200,-110,-200,-200,-200
?,8/10/2016 13:51,-200,-73,-92,-100,-200,,,-200,-200,-200,-200,-200,-200
?,8/10/2016 13:51,-200,-73,,,,,,-200,-200,-200,-200,-200,-200
?,8/10/2016 13:51,-200,-73,-200,-106,,,-200,-91,-200,-200,-200,-200,-200
?,8/10/2016 13:51,-200,-80,,,-200,-200,,-200,-200,-200,-200,-200,-200
?,8/10/2016 13:51,-200,-72,,-104,,,,-96,-200,-200,-200,-200,-200
?,8/10/2016 13:51,-200,-200,-90,-200,,-200,,-200,-200,-200,-200,-200,-200
?,8/10/2016 13:51,-200,-93,-200,-200,,,,-200,-200,-200,-200,-200,-200
?,8/10/2016 13:51,-200,-86,-99,-99,-200,-96,,-95,-200,-200,-200,-200,-200
?,8/10/2016 13:51,-200,-74,-87,-200,,-107,,-99,-200,-200,-200,-200,-200
?,8/10/2016 13:51,-200,-80,,-200,,-200,-200,-94,-200,-200,-200,-200,-200
?,8/10/2016 13:51,-200,-200,,-200,,,,-91,-200,-200,-200,-200,-200
?,8/10/2016 13:52,-200,-84,,-200,-200,,-200,-95,-200,-200,-200,-200,-200
?,8/10/2016 13:52,-200,-76,,-200,,,,-91,-200,-200,-200,-200,-200
?,8/10/2016 13:52,-200,-75,,-200,,,,-94,-200,-200,-200,-200,-200
?,8/10/2016 13:52,-200,-75,,-200,,-200,,-93,-200,-200,-200,-200,-200
?,8/10/2016 13:52,-200,-76,-200,-200,,,,-100,-200,-200,-200,-200,-200
?,8/10/2016 13:52,-200,-79,-200,-200,,,,-97,-200,-200,-200,-200,-200
?,8/10/2016 13:52,-200,-78,-200,-200,,,-200,-200,-200,-200,-200,-200,-200
?,8/10/2016 13:52,-200,-200,-200,-200,,,,-94,-200,-105,-200,-200,-200
?,8/10/2016 13:52,-200,-75,-91,,-200,,,-200,-200,-200,-200,-200,-200
?,8/10/2016 13:52,-200,-73,,-105,,,,-200,-200,-200,-200,-200,-200
?,8/10/2016 13:52,-200,-81,,-101,,-96,-200,-107,-200,-200,-200,-200,-200
?,8/10/2016 13:52,-200,-67,-91,-200,-200,,-200,-200,-200,-200,-200,-200,-200
?,8/10/2016 13:52,-200,-76,-92,-200,,-200,,-200,-200,-200,-200,-200,-200
?,8/10/2016 13:52,-200,-86,-91,,,-200,,-200,-200,-200,-200,-200,-200
?,8/10/2016 13:52,-200,-81,-200,-101,,,,-200,-200,-200,-200,-200,-200
?,8/10/2016 13:52,-200,-78,,-200,-200,,,-200,-200,-200,-200,-200,-200
?,8/10/2016 13:52,-200,-82,,-99,,-200,-200,-101,-200,-200,-200,-200,-200
?,8/10/2016 13:52,-200,-71,-90,-200,-200,,,-200,-200,-200,-200,-200,-200
?,8/10/2016 13:52,-200,-200,-93,,-200,,,-200,-200,-200,-200,-200,-200
?,8/10/2016 13:52,-200,-70,-200,,,,,-200,-200,-200,-200,-200,-200
?,8/10/2016 13:52,-200,-200,-95,-200,-200,-200,,-200,-200,-200,-200,-200,-200
?,8/10/2016 13:52,-200,-68,-200,-200,,,,-200,-200,-200,-200,-200,-200
?,8/10/2016 13:52,-200,-66,-200,-200,,,-200,-200,-200,-200,-200,-200,-200
?,8/10/2016 13:52,-200,-67,-91,,-200,-200,,-200,-200,-200,-200,-200,-200
?,8/10/2016 13:52,-200,-67,-200,-200,-200,-94,,-200,-200,-200,-200,-200,-200
?,8/10/2016 13:52,-200,-68,-96,-200,-200,,,-200,-200,-200,-200,-200,-200
?,8/10/2016 13:52,-200,-69,-100,-200,-200,,-200,-200,-200,-200,-200,-200,-200
?,8/10/2016 13:52,-200,-77,-91,,,,,-200,-200,-200,-200,-200,-200
?,8/10/2016 13:52,-200,-89,-200,,,,,-200,-200,-200,-200,-200,-200
?,8/10/2016 13:52,-200,-64,,-200,-200,-200,-200,-200,-200,-200,-200,-200,-200
?,8/10/2016 13:52,-200,-67,,,-200,,,-200,-200,-200,-200,-200,-200
?,8/10/2016 13:52,-200,-67,-200,-97,,,,-200,-200,-200,-200,-200,-200
?,8/10/2016 13:52,-200,-70,-200,-100,,,-200,-200,-200,-200,-200,-200,-200
?,8/10/2016 13:52,-200,-67,-200,-97,,,,-200,-200,-200,-200,-200,-200
?,8/10/2016 13:52,-200,-65,-200,-200,,-95,-200,-200,-200,-200,-200,-200,-200
?,8/10/2016 13:52,-200,-65,-200,,,-200,-200,-200,-200,-200,-200,-200,-200
?,8/10/2016 13:52,-200,-65,-91,-200,-200,,,-200,-200,-200,-200,-200,-200
?,8/10/2016 13:52,-200,-70,-200,-200,,,,-100,-200,-200,-200,-200,-200
?,8/10/2016 13:52,-200,-71,,-200,-200,,,-200,-200,-200,-200,-200,-200
?,8/10/2016 13:52,-200,-73,-99,-200,,-200,,-102,-200,-200,-105,-200,-200
?,8/10/2016 13:52,-200,-79,-92,-200,,-200,-200,-104,-200,-200,-200,-200,-200
?,8/10/2016 13:52,-200,-82,,-200,,,,-200,-200,-200,-200,-200,-200
?,8/10/2016 13:52,-200,-83,,-200,,,,-200,-200,-200,-200,-200,-200
?,8/10/2016 13:52,-200,-84,,-200,,,-200,-98,-200,-200,-200,-200,-200
?,8/10/2016 13:52,-200,-81,-88,-200,,,,-200,-200,-200,-106,-200,-200
?,8/10/2016 13:52,-200,-82,-90,-98,,-92,,-94,-200,-200,-200,-200,-200
?,8/10/2016 13:52,-200,-72,-85,-200,-200,,,-200,-200,-200,-200,-200,-200
?,8/10/2016 13:52,-200,-72,,,,,,-93,-200,-200,-200,-200,-200
?,8/10/2016 13:53,-200,-72,-98,,,,,-200,-200,-200,-200,-200,-200
?,8/10/2016 13:53,-200,-81,-200,,,,-98,-200,-200,-200,-200,-200,-200
?,8/10/2016 13:53,-200,-78,-93,-200,,-91,,-200,-200,-200,-200,-200,-200
?,8/10/2016 13:53,-200,-82,-82,-99,,,,-200,-200,-200,-200,-200,-200
?,8/10/2016 13:53,-200,-88,,-200,,,,-97,-200,-200,-200,-200,-200
?,8/10/2016 13:53,-200,-76,,,,,,-200,-200,-200,-200,-200,-200
?,8/10/2016 13:53,-200,-81,-92,-91,,,,-200,-200,-200,-200,-200,-200
?,8/10/2016 13:53,-200,-80,,,,,-200,-200,-200,-200,-200,-200,-200
?,8/10/2016 13:53,-200,-96,-90,-95,-200,,-200,-200,-200,-200,-200,-200,-200
?,8/10/2016 13:53,-200,-89,,-92,,,-200,-200,-200,-200,-200,-200,-200
?,8/10/2016 13:53,-200,-74,-97,-91,-200,-95,-200,-200,-200,-200,-200,-200,-200
?,8/10/2016 13:53,-200,-200,-88,-95,-200,,,-200,-200,-200,-200,-200,-200
?,8/10/2016 13:53,-200,-78,-90,-94,,-85,,-200,-200,-200,-200,-200,-200
?,8/10/2016 13:53,-200,-81,-91,,-200,,-200,-200,-200,-200,-200,-200,-200
?,8/10/2016 13:53,-200,-81,-91,,-200,-91,,-200,-200,-200,-200,-200,-200
?,8/10/2016 13:53,-200,-77,-87,-200,,,-200,-200,-200,-200,-200,-200,-200
?,8/10/2016 13:53,-200,-79,-88,,,,,-200,-200,-200,-200,-200,-200
?,8/10/2016 13:53,-200,-80,-87,-96,,-89,,-200,-200,-200,-200,-200,-200
?,8/10/2016 13:53,-200,-83,-83,-200,-200,,-200,-200,-200,-200,-200,-200,-200
?,8/10/2016 13:53,-200,-200,,-200,-200,,-200,-200,-200,-200,-200,-200,-200
?,8/10/2016 13:53,-200,-80,-94,-96,-200,,-200,-200,-200,-200,-200,-200,-200
?,8/10/2016 13:53,-200,-89,-200,-99,,,-200,-200,-200,-200,-200,-200,-200
?,8/10/2016 13:53,-200,-83,-200,,,,,-200,-200,-200,-200,-200,-200
?,8/10/2016 13:53,-200,-200,-88,-200,,,-200,-200,-200,-200,-200,-200,-200
?,8/10/2016 13:53,-200,-83,-93,-93,-200,,,-200,-200,-200,-200,-200,-200
?,8/10/2016 13:53,-200,-89,,,-200,-200,,-200,-200,-200,-200,-200,-200
?,8/10/2016 13:53,-200,-90,-86,,-200,,-200,-200,-200,-200,-200,-200,-200
?,8/10/2016 13:53,-200,-82,-84,,,,,-200,-200,-200,-200,-200,-200
?,8/10/2016 13:53,-200,-85,-88,-200,-200,,,-200,-200,-200,-200,-200,-200
?,8/10/2016 13:53,-200,-84,-92,-91,-200,,,-200,-200,-200,-200,-200,-200
?,8/10/2016 13:53,-200,-88,,-93,-200,-200,-200,-200,-200,-200,-200,-200,-200
?,8/10/2016 13:53,-200,-96,-85,-200,-200,,,-200,-200,-200,-200,-200,-200
?,8/10/2016 13:53,-200,-84,,,-200,,,-200,-200,-200,-200,-200,-200
?,8/10/2016 13:53,-200,-85,,,-200,,,-200,-200,-200,-200,-200,-200
?,8/10/2016 13:53,-200,-200,-200,-89,-200,-91,,-200,-200,-200,-200,-200,-200
?,8/10/2016 13:53,-200,-85,-200,-87,,,,-200,-200,-200,-200,-200,-200
?,8/10/2016 13:53,-200,-94,-87,-96,-200,-91,,-200,-200,-200,-200,-200,-200
?,8/10/2016 13:53,-200,-84,-84,-92,-200,,-200,-200,-200,-200,-200,-200,-200
?,8/10/2016 13:53,-200,-86,-86,,-200,-89,,-200,-200,-200,-200,-200,-200
?,8/10/2016 13:53,-200,-87,,-90,-200,,-200,-200,-200,-200,-200,-200,-200
?,8/10/2016 13:53,-200,-85,,-88,-200,,,-200,-200,-200,-200,-200,-200
?,8/10/2016 13:53,-200,-88,-84,,-200,-200,,-200,-200,-200,-200,-200,-200
?,8/10/2016 13:53,-200,-91,-200,-200,,,,-200,-200,-200,-200,-200,-200
?,8/10/2016 13:53,-200,-200,-92,-200,-200,,-200,-200,-200,-200,-200,-200,-200
?,8/10/2016 13:53,-200,-87,-86,-94,,,,-200,-200,-200,-200,-200,-200
?,8/10/2016 13:53,-200,-200,-85,,-200,,-200,-200,-200,-200,-200,-200,-200
?,8/10/2016 13:53,-200,-200,,-200,-200,,,-200,-200,-200,-200,-200,-200
?,8/10/2016 13:53,-200,-200,-200,,,-87,,-200,-200,-200,-200,-200,-200
?,8/10/2016 13:53,-200,-200,-96,,-200,,,-200,-200,-200,-200,-200,-200
?,8/10/2016 13:54,-200,-84,-85,,-200,-94,,-200,-200,-200,-200,-200,-200
?,8/10/2016 13:54,-200,-84,-200,-200,,-91,-200,-200,-200,-200,-200,-200,-200
?,8/10/2016 13:54,-200,-88,,,-200,,-200,-200,-200,-200,-200,-200,-200
?,8/10/2016 13:54,-200,-84,,-90,-200,-200,,-200,-200,-200,-200,-200,-200
?,8/10/2016 13:54,-200,-83,-85,-200,-200,,,-200,-200,-200,-200,-200,-200
?,8/10/2016 13:54,-200,-80,-92,-96,,,,-200,-200,-200,-200,-200,-200
?,8/10/2016 13:54,-200,-81,-83,-200,,,-200,-200,-200,-200,-200,-200,-200
?,8/10/2016 13:54,-200,-82,,,-200,,,-200,-200,-200,-200,-200,-200
?,8/10/2016 13:54,-200,-81,,-95,-200,,,-103,-200,-200,-200,-200,-200
?,8/10/2016 13:54,-200,-76,,-86,-200,,-200,-200,-200,-200,-200,-200,-200
?,8/10/2016 13:54,-200,-80,,-85,-200,,,-200,-200,-200,-200,-200,-200
?,8/10/2016 13:54,-200,-82,-94,-95,-200,,-200,-200,-200,-200,-200,-200,-200
?,8/10/2016 13:54,-200,-91,,,-200,,,-200,-200,-200,-200,-200,-200
?,8/10/2016 13:54,-200,-200,,-200,,,-200,-200,-200,-200,-200,-200,-200
?,8/10/2016 13:54,-200,-81,-88,-200,,,-200,-99,-200,-200,-105,-200,-200
?,8/10/2016 13:54,-200,-82,-89,-99,-200,,-200,-200,-200,-200,-200,-200,-200
?,8/10/2016 13:54,-200,-82,-95,-90,,,,-200,-200,-200,-200,-200,-200
?,8/10/2016 13:54,-200,-73,-87,-92,-200,,,-200,-200,-200,-200,-200,-200
?,8/10/2016 13:54,-200,-79,,-200,-200,,,-200,-200,-200,-200,-200,-200
?,8/10/2016 13:54,-200,-70,-200,,,,-200,-200,-200,-200,-200,-200,-200
?,8/10/2016 13:54,-200,-77,-200,,,,,-200,-200,-200,-200,-200,-200
?,8/10/2016 13:54,-200,-87,-90,,,,-200,-200,-200,-200,-200,-200,-200
?,8/10/2016 13:54,-200,-91,-85,,,,,-200,-200,-200,-200,-200,-200
?,8/10/2016 13:54,-200,-92,-80,,,,,-200,-200,-200,-200,-200,-200
?,8/10/2016 13:54,-200,-91,-85,-95,,-89,,-94,-200,-200,-200,-200,-200
?,8/10/2016 13:54,-200,-98,-200,-200,,-88,-106,-94,-200,-200,-200,-200,-200
?,8/10/2016 13:54,-200,-86,,-200,,,,-96,-200,-200,-200,-200,-200
?,8/10/2016 13:54,-200,-83,-97,-94,-200,,-200,-200,-200,-200,-200,-200,-200
?,8/10/2016 13:54,-200,-76,-200,-200,,,,-200,-200,-200,-200,-200,-200
?,8/10/2016 13:54,-200,-70,-90,-95,-200,,-200,-200,-200,-200,-200,-200,-200
?,8/10/2016 13:54,-200,-74,-95,,,,-200,-100,-200,-200,-200,-200,-200
?,8/10/2016 13:54,-200,-74,,-99,,,-200,-200,-200,-200,-200,-200,-200
?,8/10/2016 13:54,-200,-200,,,,,,-200,-200,-200,-200,-200,-200
?,8/10/2016 13:54,-200,-79,-100,-200,,,-200,-200,-200,-200,-200,-200,-200
?,8/10/2016 13:54,-200,-75,-200,-200,,-102,,-103,-200,-200,-200,-200,-200
?,8/10/2016 13:54,-200,-82,-91,-96,,-200,-200,-105,-200,-200,-200,-200,-200
?,8/10/2016 13:54,-200,-79,,,,-88,-200,-200,-200,-200,-200,-200,-200
?,8/10/2016 13:54,-200,-83,-90,-102,-200,,,-96,-200,-200,-200,-200,-200
?,8/10/2016 13:54,-200,-82,-89,-95,,,,-200,-200,-200,-200,-200,-200
?,8/10/2016 13:54,-200,-80,-90,-91,,-92,,-105,-200,-200,-200,-200,-200
?,8/10/2016 13:54,-200,-81,-90,-95,,,,-99,-200,-200,-200,-200,-200
?,8/10/2016 13:54,-200,-82,-88,-95,,,,-100,-200,-200,-200,-200,-200
?,8/10/2016 13:54,-200,-83,-87,,-200,-89,,-200,-200,-200,-200,-200,-200
?,8/10/2016 13:54,-200,-76,,,-200,,,-200,-200,-200,-200,-200,-200
?,8/10/2016 13:54,-200,-83,-96,,,,-200,-200,-200,-200,-200,-200,-200
?,8/10/2016 13:54,-200,-74,-88,,,,-200,-101,-200,-200,-200,-200,-200
?,8/10/2016 13:54,-200,-72,-91,-100,,-94,,-200,-200,-200,-200,-200,-200
?,8/10/2016 13:54,-200,-73,,-95,,,,-200,-200,-200,-200,-200,-200
?,8/10/2016 13:54,-200,-77,,-200,,,-200,-200,-200,-200,-200,-200,-200
?,8/10/2016 13:55,-200,-76,-85,,,-90,-200,-200,-200,-200,-200,-200,-200
?,8/10/2016 13:55,-200,-76,,-200,,-200,,-200,-200,-200,-200,-200,-200
?,8/10/2016 13:55,-200,-76,-200,-200,,,,-103,-200,-200,-200,-200,-200
?,8/10/2016 13:55,-200,-200,-200,,,-200,,-101,-200,-200,-200,-200,-200
?,8/10/2016 13:55,-200,-90,,-200,-200,,,-200,-200,-200,-200,-200,-200
?,8/10/2016 13:55,-200,-200,-200,-200,,,,-108,-200,-200,-200,-200,-200
?,8/10/2016 13:55,-200,-100,,-200,,,,-99,-200,-200,-200,-200,-200
?,8/10/2016 13:55,-200,-92,-200,-200,,,,-200,-200,-200,-200,-200,-200
?,8/10/2016 13:55,-200,-91,-200,-200,,,,-200,-200,-200,-200,-200,-200
?,8/10/2016 13:55,-200,-200,-107,-200,,,-200,-105,-200,-200,-200,-200,-200
?,8/10/2016 13:55,-200,-91,-200,-200,,,,-98,-200,-200,-200,-200,-200
?,8/10/2016 13:55,-200,-85,-200,-200,,,-200,-200,-200,-200,-200,-200,-200
?,8/10/2016 13:55,-200,-84,,-200,,,,-200,-200,-200,-200,-200,-200
?,8/10/2016 13:55,-200,-80,,-105,,,-200,-200,-200,-200,-200,-200,-200
?,8/10/2016 13:55,-200,-85,-200,-107,,-200,,-104,-200,-200,-200,-200,-200
?,8/10/2016 13:55,-200,-79,-200,-103,,,-200,-103,-200,-200,-200,-200,-200
?,8/10/2016 13:55,-200,-79,,-200,,-200,-200,-107,-200,-200,-200,-200,-200
?,8/10/2016 13:55,-200,-200,,,,,,-200,-200,-200,-200,-200,-200
?,8/10/2016 13:55,-200,-78,-200,-200,,,,-200,-200,-200,-200,-200,-200
?,8/10/2016 13:55,-200,-81,-200,,,,,-200,-200,-200,-200,-200,-200
?,8/10/2016 13:55,-200,-79,,-200,,,-200,-200,-200,-200,-200,-200,-200
?,8/10/2016 13:55,-200,-91,,,-200,-99,,-200,-200,-200,-200,-200,-200
?,8/10/2016 13:55,-200,-96,-200,-200,,,,-200,-200,-200,-200,-200,-200
?,8/10/2016 13:55,-200,-100,-98,,-200,,,-200,-200,-200,-200,-200,-200
?,8/10/2016 13:55,-200,-91,-200,,,,,-200,-200,-200,-200,-200,-200
?,8/10/2016 13:55,-200,-92,-200,-200,,,,-99,-200,-200,-200,-200,-200
?,8/10/2016 13:55,-200,-97,,,,,-200,-200,-200,-200,-200,-200,-200
?,8/10/2016 13:55,-200,-90,,-200,,-92,,-200,-200,-200,-200,-200,-200
?,8/10/2016 13:55,-200,-200,-200,-200,,-100,,-200,-200,-200,-200,-200,-200
?,8/10/2016 13:55,-103,-200,-200,-200,,,,-95,-200,-200,-200,-200,-200
?,8/10/2016 13:55,-98,-104,,,,,-103,-98,-200,-200,-200,-200,-200
?,8/10/2016 13:55,-200,-91,-200,-200,,-200,,-91,-200,-200,-200,-200,-200
?,8/10/2016 13:55,-200,-97,,-200,,,,-85,-200,-200,-200,-200,-200
?,8/10/2016 13:55,-200,-104,,,,-89,,-94,-200,-200,-200,-200,-200
?,8/10/2016 13:55,-200,-103,,-200,,,-103,-200,-200,-200,-200,-200,-200
?,8/10/2016 13:55,-200,-200,,,-200,,-109,-200,-200,-200,-200,-200,-200
?,8/10/2016 13:55,-200,-200,-200,,,,,-85,-200,-200,-104,-200,-200
?,8/10/2016 13:55,-200,-200,-200,-200,-200,,,-95,-200,-200,-200,-200,-200
?,8/10/2016 13:55,-200,-200,-200,-200,,,,-90,-200,-100,-200,-200,-200
?,8/10/2016 13:55,-200,-200,-200,,,,-200,-86,-200,-200,-200,-200,-200
?,8/10/2016 13:55,-200,-200,-200,-200,,,-200,-90,-200,-98,-106,-200,-200
?,8/10/2016 13:55,-200,-200,-200,-200,,-101,-200,-95,-200,-101,-100,-200,-200
?,8/10/2016 13:55,-200,-200,,-200,-200,,,-99,-200,-92,-98,-200,-200
?,8/10/2016 13:55,-200,-200,-200,-200,,-96,-200,-99,-100,-95,-94,-102,-200
?,8/10/2016 13:55,-200,-200,-200,-200,,,,-103,-200,-99,-200,-200,-200
?,8/10/2016 13:55,-200,-200,-200,-200,,,,-102,-200,-104,-99,-200,-200
?,8/10/2016 13:55,-200,-200,,-200,-200,,,-99,-200,-200,-90,-200,-200
?,8/10/2016 13:55,-200,-200,-200,-200,,,,-97,-200,-200,-90,-200,-200
?,8/10/2016 13:55,-200,-200,-200,-200,,,,-200,-200,-200,-93,-200,-200
?,8/10/2016 13:55,-200,-200,,-200,-200,-200,-200,-103,-200,-101,-104,-200,-200
?,8/10/2016 13:56,-200,-200,-200,-200,,,-200,-200,-101,-200,-99,-200,-200
?,8/10/2016 13:56,-200,-200,-200,-200,-200,,,-200,-200,-104,-91,-200,-200
?,8/10/2016 13:56,-200,-200,-200,-200,-200,-200,-200,-103,-200,-102,-200,-103,-200
?,8/10/2016 13:56,-200,-200,-200,,,,,-92,-200,-100,-94,-102,-200
?,8/10/2016 13:56,-200,-200,-200,-200,,-200,-200,-91,-200,-200,-200,-200,-200
?,8/10/2016 13:56,-200,-200,-200,-200,,,,-104,-200,-200,-101,-200,-200
?,8/10/2016 13:56,-200,-200,,-200,-200,,,-103,-200,-200,-99,-200,-200
?,8/10/2016 13:56,-200,-200,-200,-200,,,,-200,-200,-104,-99,-200,-200
?,8/10/2016 13:56,-200,-200,,,-200,-200,-200,-96,-200,-200,-101,-200,-200
?,8/10/2016 13:56,-200,-200,,,,,-200,-98,-200,-200,-103,-200,-200
?,8/10/2016 13:56,-200,-200,-200,,,-200,,-96,-200,-200,-98,-200,-200
?,8/10/2016 13:56,-200,-200,-200,-200,-200,,-200,-96,-200,-200,-200,-200,-200
?,8/10/2016 13:56,-200,-200,-200,-200,,,,-100,-200,-200,-99,-200,-200
?,8/10/2016 13:56,-200,-200,-200,-200,,,-200,-105,-200,-200,-100,-200,-200
?,8/10/2016 13:56,-200,-200,,-200,-200,-200,,-103,-200,-200,-101,-200,-200
?,8/10/2016 13:56,-200,-200,-200,-200,,,,-100,-200,-200,-100,-200,-200
?,8/10/2016 13:56,-200,-200,-200,-200,,,,-96,-200,-105,-104,-200,-200
?,8/10/2016 13:56,-200,-200,-200,-200,,-200,,-90,-200,-91,-92,-200,-200
?,8/10/2016 13:56,-200,-200,-200,-200,,-109,,-92,-200,-99,-84,-105,-200
?,8/10/2016 13:56,-200,-200,-200,-200,,,,-94,-200,-96,-84,-103,-200
?,8/10/2016 13:56,-200,-200,-200,-200,,-200,,-94,-200,-96,-84,-103,-200
?,8/10/2016 13:56,-200,-200,-200,-200,,,,-93,-100,-200,-91,-200,-200
?,8/10/2016 13:56,-200,-101,,-200,,,,-92,-200,-91,-91,-200,-200
?,8/10/2016 13:56,-200,-200,-200,,,,-200,-100,-200,-104,-99,-200,-200
?,8/10/2016 13:56,-200,-200,-200,,,,,-200,-200,-200,-96,-105,-200
?,8/10/2016 13:56,-200,-200,-200,-200,,,,-200,-200,-200,-95,-105,-200
?,8/10/2016 13:56,-200,-200,-200,-200,,,-200,-200,-200,-200,-200,-105,-200
?,8/10/2016 13:56,-200,-200,-200,,,,,-96,-200,-107,-99,-99,-200
?,8/10/2016 13:56,-200,-200,-200,,,,,-200,-200,-100,-90,-200,-200
?,8/10/2016 13:56,-200,-200,,-200,-200,,-200,-101,-200,-96,-200,-100,-200
?,8/10/2016 13:56,-200,-200,,,-200,,,-200,-200,-200,-88,-101,-200
?,8/10/2016 13:56,-200,-200,-200,-200,-200,-200,,-200,-200,-100,-87,-200,-200
?,8/10/2016 13:56,-200,-200,-200,-200,,,,-103,-200,-101,-84,-92,-200
?,8/10/2016 13:56,-200,-200,-200,-200,,,-200,-200,-200,-98,-72,-101,-200
?,8/10/2016 13:56,-200,-200,-200,-200,,-200,-200,-200,-200,-200,-75,-200,-200
?,8/10/2016 13:56,-200,-200,-200,,,-200,,-200,-200,-93,-88,-200,-100
?,8/10/2016 13:56,-200,-200,,,-200,,-200,-200,-200,-200,-90,-200,-200
?,8/10/2016 13:56,-200,-200,-200,-200,,,,-99,-200,-200,-86,-103,-200
?,8/10/2016 13:56,-200,-103,-200,-200,,-200,,-200,-200,-104,-89,-200,-200
?,8/10/2016 13:56,-200,-105,,-200,-200,,-200,-99,-200,-200,-91,-200,-200
?,8/10/2016 13:56,-200,-200,-200,-200,,,-200,-105,-100,-96,-100,-200,-200
?,8/10/2016 13:56,-200,-200,-200,-200,-200,,,-91,-100,-99,-200,-200,-200
?,8/10/2016 13:56,-200,-200,-200,-200,,,,-94,-200,-200,-108,-200,-200
?,8/10/2016 13:56,-200,-200,,,,-94,-200,-89,-200,-103,-200,-200,-200
?,8/10/2016 13:56,-200,-200,,,,,,-89,-200,-99,-104,-200,-200
?,8/10/2016 13:56,-200,-200,-200,,,-96,-200,-104,-200,-200,-200,-200,-200
?,8/10/2016 13:56,-200,-200,,-200,,,,-92,-200,-200,-96,-200,-200
?,8/10/2016 13:56,-200,-200,-200,-200,,-200,-200,-95,-200,-104,-200,-200,-200
?,8/10/2016 13:56,-200,-200,-200,-200,,,-200,-89,-200,-200,-98,-200,-200
?,8/10/2016 13:56,-200,-200,-200,-200,,,,-96,-200,-97,-97,-200,-200
?,8/10/2016 13:56,-200,-200,-200,,,,-200,-92,-105,-100,-105,-200,-200
?,8/10/2016 13:56,-200,-200,-200,-200,,,,-91,-200,-200,-200,-200,-200
?,8/10/2016 13:56,-200,-200,-200,,,-95,-200,-91,-200,-98,-200,-200,-200
?,8/10/2016 13:57,-200,-100,,-200,,-95,-200,-94,-200,-94,-200,-200,-200
?,8/10/2016 13:57,-200,-101,-200,,,-93,,-200,-200,-98,-98,-200,-200
?,8/10/2016 13:57,-200,-200,,,-200,,,-99,-200,-200,-200,-200,-200
?,8/10/2016 13:57,-200,-200,-200,-200,-200,,-200,-85,-200,-99,-101,-200,-200
?,8/10/2016 13:57,-200,-200,-200,-200,,,-200,-91,-200,-200,-200,-200,-200
?,8/10/2016 13:57,-200,-200,-200,,,,,-96,-200,-96,-200,-200,-200
?,8/10/2016 13:57,-200,-200,-200,-200,-200,-200,-200,-95,-200,-101,-101,-200,-200
?,8/10/2016 13:57,-200,-200,-200,,,,,-97,-200,-200,-91,-200,-200
?,8/10/2016 13:57,-200,-105,,,,-102,,-96,-200,-102,-102,-200,-200
?,8/10/2016 13:57,-200,-200,-200,,,,,-101,-200,-103,-200,-200,-200
?,8/10/2016 13:57,-200,-200,-200,,,-200,,-97,-200,-98,-104,-200,-200
?,8/10/2016 13:57,-200,-200,,-200,-200,,,-92,-200,-102,-100,-200,-200
?,8/10/2016 13:57,-200,-200,-200,-200,-200,-200,-200,-91,-200,-95,-99,-200,-200
?,8/10/2016 13:57,-200,-200,-200,-200,-200,-200,,-97,-200,-91,-90,-200,-200
?,8/10/2016 13:57,-200,-200,-200,-200,,,,-98,-101,-103,-104,-200,-200
?,8/10/2016 13:57,-200,-200,-200,-200,,,-200,-99,-200,-97,-97,-200,-200
?,8/10/2016 13:57,-200,-200,-200,-200,,,,-101,-200,-98,-105,-200,-200
?,8/10/2016 13:57,-200,-200,-200,-200,,-200,-200,-102,-200,-102,-101,-200,-200
?,8/10/2016 13:57,-200,-200,-200,-200,,,,-101,-200,-92,-102,-200,-200
?,8/10/2016 13:57,-200,-200,-200,-200,,,,-100,-200,-200,-98,-200,-200
?,8/10/2016 13:57,-200,-200,-200,-200,-200,,-200,-103,-200,-200,-200,-102,-200
?,8/10/2016 13:57,-200,-200,,,,-200,,-95,-200,-200,-102,-200,-200
?,8/10/2016 13:57,-200,-200,-200,-200,,,-200,-86,-200,-200,-102,-200,-200
?,8/10/2016 13:57,-200,-105,,-200,,,,-100,-200,-200,-200,-200,-200
?,8/10/2016 13:57,-200,-200,-200,-200,,,-200,-94,-200,-94,-94,-200,-200
?,8/10/2016 13:57,-200,-200,-200,-200,-200,,,-95,-200,-94,-94,-200,-200
?,8/10/2016 13:58,-200,-200,-200,-200,-200,,,-103,-100,-102,-92,-200,-200
?,8/10/2016 13:58,-200,-200,-200,,,,-200,-200,-200,-103,-94,-200,-200
?,8/10/2016 13:58,-200,-200,,-200,,,,-200,-200,-92,-94,-200,-200
?,8/10/2016 13:58,-200,-200,,,-200,-200,-200,-200,-200,-90,-200,-200,-200
?,8/10/2016 13:58,-200,-200,-200,-200,,,,-95,-200,-89,-200,-200,-200
?,8/10/2016 13:58,-200,-200,-200,-200,,,,-100,-200,-200,-99,-200,-200
?,8/10/2016 13:58,-200,-200,-200,-200,,,-200,-200,-200,-200,-99,-200,-200
?,8/10/2016 13:58,-200,-200,-200,-200,,-200,,-200,-200,-200,-100,-200,-200
?,8/10/2016 13:58,-200,-200,-200,,,,,-200,-200,-89,-200,-200,-200
?,8/10/2016 13:58,-200,-200,-200,,,-200,,-200,-200,-103,-200,-200,-200
?,8/10/2016 13:58,-200,-200,-200,-200,,,,-200,-200,-95,-200,-200,-200
?,8/10/2016 13:58,-200,-200,,,-200,,,-100,-200,-97,-91,-200,-200
?,8/10/2016 13:58,-200,-200,,-200,-200,,-200,-97,-200,-100,-95,-200,-200
?,8/10/2016 13:59,-200,-200,-200,,,,,-104,-200,-200,-94,-101,-200
?,8/10/2016 13:59,-200,-200,-103,-200,-200,,,-200,-200,-200,-91,-101,-200
?,8/10/2016 13:59,-200,-200,-200,-200,,,,-103,-200,-105,-83,-200,-200
?,8/10/2016 13:59,-200,-105,-200,-200,,-200,-200,-103,-200,-200,-85,-95,-200
?,8/10/2016 13:59,-200,-200,-200,-200,,,-200,-200,-200,-200,-83,-91,-200
?,8/10/2016 13:59,-200,-101,-200,-200,,,,-99,-105,-103,-200,-100,-200
?,8/10/2016 13:59,-200,-200,-200,-200,,,-200,-97,-200,-200,-200,-100,-200
?,8/10/2016 13:59,-200,-200,-200,,,,,-200,-200,-200,-100,-200,-200
?,8/10/2016 13:59,-200,-200,-200,-200,,,-200,-93,-200,-200,-200,-101,-200
?,8/10/2016 13:59,-200,-200,-200,-200,,,,-96,-200,-200,-100,-100,-200
?,8/10/2016 13:59,-200,-200,-200,-200,,,,-97,-200,-200,-100,-99,-200
?,8/10/2016 13:59,-200,-200,,-200,-200,-200,-200,-200,-200,-200,-200,-96,-200
?,8/10/2016 13:59,-200,-200,,-200,-200,-200,-200,-101,-200,-200,-104,-85,-200
?,8/10/2016 13:59,-200,-200,,-200,-200,,,-200,-200,-200,-200,-90,-200
?,8/10/2016 13:59,-200,-200,,-200,-200,,,-102,-200,-200,-200,-92,-200
?,8/10/2016 13:59,-200,-200,-200,-200,,-200,-200,-200,-200,-200,-200,-200,-99
?,8/10/2016 13:59,-200,-200,-200,,,,,-200,-200,-200,-200,-200,-85
?,8/10/2016 13:59,-200,-200,-200,-200,-200,,,-200,-200,-200,-200,-200,-90
?,8/10/2016 13:59,-200,-200,-200,-200,,-200,,-200,-200,-200,-200,-200,-85
?,8/10/2016 13:59,-200,-200,-200,-200,-200,,,-200,-200,-200,-200,-200,-87
?,8/10/2016 13:59,-200,-200,-200,-200,,,,-200,-200,-200,-200,-200,-82
?,8/10/2016 13:59,-200,-200,,-200,-200,,,-200,-200,-200,-200,-200,-86
?,8/10/2016 13:59,-200,-200,,-200,-200,-200,,-200,-200,-200,-200,-96,-76
?,8/10/2016 13:59,-200,-200,-200,-200,,-200,-200,-200,-200,-200,-200,-100,-81
?,8/10/2016 13:59,-200,-200,-200,,,,,-200,-200,-200,-200,-97,-78
?,8/10/2016 13:59,-200,-200,-200,-200,-200,,,-200,-200,-200,-200,-102,-82
?,8/10/2016 13:59,-200,-200,-200,,,-200,,-200,-200,-200,-200,-200,-93
?,8/10/2016 13:59,-200,-200,-200,,,,,-200,-200,-200,-200,-200,-91
?,8/10/2016 13:59,-200,-200,-200,,,,,-200,-200,-200,-200,-200,-91
?,8/10/2016 13:59,-200,-200,,-200,-200,,,-200,-200,-200,-200,-100,-94
?,8/10/2016 13:59,-200,-200,-200,-200,,,,-200,-200,-200,-200,-200,-90
?,8/10/2016 13:59,-200,-200,,-200,-200,,,-200,-200,-200,-200,-200,-91
?,8/10/2016 13:59,-200,-200,-200,-200,,,,-200,-200,-200,-200,-200,-91
?,8/10/2016 13:59,-200,-200,-200,-200,-200,,-200,-200,-200,-200,-200,-100,-88
?,8/10/2016 13:59,-200,-200,-200,-200,,,-200,-200,-200,-200,-200,-200,-90
?,8/10/2016 13:59,-200,-200,-200,-200,-200,,-200,-200,-200,-200,-200,-200,-91
?,8/10/2016 13:59,-200,-200,,-200,-200,,,-200,-200,-200,-200,-99,-87
?,8/10/2016 13:59,-200,-200,-200,-200,,-200,-200,-200,-200,-200,-200,-99,-94
?,8/10/2016 13:59,-200,-200,-200,-200,,,-200,-200,-200,-200,-200,-98,-91
?,8/10/2016 13:59,-200,-200,,,-200,-200,,-200,-200,-200,-200,-200,-95
?,8/10/2016 13:59,-200,-200,-200,,,,,-200,-200,-200,-200,-200,-88
?,8/10/2016 13:59,-200,-200,-200,-200,,,,-200,-200,-200,-200,-103,-80
?,8/10/2016 13:59,-200,-200,-200,-200,,,,-200,-200,-200,-200,-100,-75
?,8/10/2016 13:59,-200,-200,-200,-200,,-200,,-200,-200,-200,-200,-100,-81
?,8/10/2016 13:59,-200,-200,-200,,,,-200,-200,-200,-200,-200,-200,-100
?,8/10/2016 14:00,-200,-200,-200,,,,-200,-200,-105,-200,-200,-102,-105
?,8/10/2016 14:00,-200,-200,-200,-200,-200,-200,,-200,-200,-200,-200,-103,-91
?,8/10/2016 14:00,-200,-200,-200,-200,,-200,,-200,-107,-200,-200,-91,-92
?,8/10/2016 14:00,-200,-200,,,-200,,,-200,-200,-200,-103,-100,-91
?,8/10/2016 14:00,-200,-200,,,-200,,-200,-200,-102,-200,-200,-102,-86
?,8/10/2016 14:00,-200,-200,,,-200,,,-200,-103,-200,-200,-91,-90
?,8/10/2016 14:00,-200,-200,-200,-200,,,,-200,-200,-200,-200,-87,-106
?,8/10/2016 14:00,-200,-200,-200,-200,,,,-200,-200,-200,-104,-85,-94
?,8/10/2016 14:00,-200,-200,-200,,,,,-200,-200,-200,-200,-86,-94
?,8/10/2016 14:00,-200,-200,-200,-200,,,-200,-200,-200,-101,-200,-78,-200
?,8/10/2016 14:00,-200,-200,-200,,,,-200,-200,-200,-104,-200,-76,-200
?,8/10/2016 14:00,-200,-200,-200,-200,,,,-200,-200,-100,-200,-200,-200
?,8/10/2016 14:00,-200,-200,-200,-200,,,,-100,-200,-200,-200,-86,-200
?,8/10/2016 14:00,-200,-200,-200,-200,,-200,-200,-97,-101,-102,-91,-102,-105
?,8/10/2016 14:00,-200,-200,-200,-200,,-200,,-200,-200,-99,-200,-91,-200
?,8/10/2016 14:00,-200,-200,-200,-200,,,,-96,-200,-200,-97,-97,-200
?,8/10/2016 14:00,-200,-200,-200,,,,-200,-97,-101,-101,-89,-95,-200
?,8/10/2016 14:00,-200,-200,-200,,,-200,-200,-200,-100,-200,-78,-101,-200
?,8/10/2016 14:00,-200,-200,-200,,,,,-200,-200,-90,-83,-100,-200
?,8/10/2016 14:00,-200,-200,-200,,,-100,-200,-99,-101,-96,-91,-200,-200
?,8/10/2016 14:00,-200,-200,,,,,,-200,-100,-90,-97,-200,-200
?,8/10/2016 14:00,-200,-200,-200,-200,,,-200,-96,-98,-84,-89,-200,-105
?,8/10/2016 14:00,-200,-200,,-200,,,,-99,-100,-92,-200,-200,-200
?,8/10/2016 14:00,-200,-200,-200,-200,-200,,,-200,-93,-91,-92,-200,-200
?,8/10/2016 14:00,-200,-200,,-200,-200,,,-97,-200,-84,-101,-200,-200
?,8/10/2016 14:00,-200,-200,-200,-200,,,-200,-90,-200,-85,-96,-200,-200
?,8/10/2016 14:00,-200,-200,-200,-200,,,,-97,-100,-200,-98,-200,-200
?,8/10/2016 14:00,-200,-200,-200,,,,,-97,-106,-81,-91,-200,-200
?,8/10/2016 14:00,-200,-200,-200,-200,,,,-100,-200,-94,-92,-200,-200
?,8/10/2016 14:00,-200,-200,,,-200,,,-101,-200,-200,-90,-200,-200
?,8/10/2016 14:00,-200,-200,-200,-200,,,-200,-99,-200,-200,-200,-200,-200
?,8/10/2016 14:00,-200,-200,-200,-200,,,-200,-91,-200,-93,-200,-200,-200
?,8/10/2016 14:00,-200,-200,,-200,,,,-94,-200,-91,-101,-200,-200
?,8/10/2016 14:00,-200,-200,-200,-200,,,-200,-90,-200,-95,-99,-200,-200
?,8/10/2016 14:00,-200,-200,,-200,,-200,-200,-88,-200,-98,-101,-200,-200
?,8/10/2016 14:00,-200,-200,-200,,,,,-73,-200,-200,-200,-200,-200
?,8/10/2016 14:00,-200,-200,,-200,-200,,,-79,-200,-200,-200,-200,-200
?,8/10/2016 14:00,-200,-102,-200,,,,,-200,-200,-102,-200,-200,-200
?,8/10/2016 14:00,-200,-99,,-200,-200,,-200,-200,-200,-200,-200,-200,-200
?,8/10/2016 14:00,-200,-200,-200,-200,,,-200,-79,-200,-200,-200,-200,-200
?,8/10/2016 14:00,-200,-200,-200,-200,,,,-78,-200,-200,-200,-200,-200
?,8/10/2016 14:00,-200,-200,-98,-200,,,,-104,-200,-200,-200,-200,-200
?,8/10/2016 14:00,-200,-96,-200,,,,-200,-91,-200,-200,-200,-200,-200
?,8/10/2016 14:00,-200,-95,,-200,-200,,-200,-91,-200,-200,-200,-200,-200
?,8/10/2016 14:00,-200,-93,-200,-200,,,,-80,-200,-200,-200,-200,-200
?,8/10/2016 14:00,-200,-200,-200,-200,,,-200,-89,-200,-200,-200,-200,-200
?,8/10/2016 14:00,-100,-97,-200,-200,-200,,-200,-85,-200,-200,-200,-200,-200
?,8/10/2016 14:00,-89,-94,-200,-200,,-200,,-84,-200,-200,-200,-200,-200
?,8/10/2016 14:00,-90,-200,-102,-200,,,-200,-86,-200,-200,-200,-200,-200
?,8/10/2016 14:00,-81,-200,-200,,,-200,-200,-89,-99,-200,-200,-200,-200
?,8/10/2016 14:01,-82,-200,-200,-200,,-200,-200,-200,-100,-200,-200,-200,-200
?,8/10/2016 14:01,-75,-200,,-200,-200,,,-200,-200,-200,-200,-200,-200
?,8/10/2016 14:01,-84,-200,-200,-200,-200,-200,,-200,-97,-200,-200,-200,-200
?,8/10/2016 14:01,-90,-200,-200,,,,,-200,-200,-200,-200,-200,-200
?,8/10/2016 14:01,-84,-200,,-200,-200,,-200,-200,-200,-200,-200,-200,-200
?,8/10/2016 14:01,-87,-200,,-200,-200,-200,-200,-200,-200,-200,-200,-200,-200
?,8/10/2016 14:01,-93,-200,-200,-200,-200,,,-200,-200,-200,-200,-200,-200
?,8/10/2016 14:01,-88,-200,-200,-200,,,-200,-200,-200,-200,-200,-200,-200
?,8/10/2016 14:01,-84,-200,,-200,-200,-200,,-200,-200,-200,-200,-200,-200
?,8/10/2016 14:01,-200,-200,-200,-200,,,,-200,-102,-200,-200,-200,-200
?,8/10/2016 14:01,-82,-200,-200,,,,-200,-200,-200,-200,-200,-200,-200
?,8/10/2016 14:01,-82,-200,-200,-200,,-200,,-200,-200,-200,-200,-200,-200
?,8/10/2016 14:01,-95,-200,,-200,-200,,,-200,-92,-200,-200,-200,-200
?,8/10/2016 14:01,-85,-200,-200,-200,,,,-200,-95,-200,-200,-200,-200
?,8/10/2016 14:01,-90,-200,-200,,,,,-200,-96,-200,-200,-200,-200
?,8/10/2016 14:01,-95,-200,-200,-200,-200,-200,,-200,-90,-200,-200,-200,-200
?,8/10/2016 14:01,-97,-200,-200,-200,,,-200,-200,-92,-200,-200,-200,-200
?,8/10/2016 14:01,-200,-200,-200,-200,,-200,-200,-200,-103,-200,-200,-200,-200
?,8/10/2016 14:01,-99,-200,,-200,-200,,,-200,-85,-200,-200,-200,-200
?,8/10/2016 14:01,-109,-200,-200,,,,,-200,-86,-200,-200,-200,-200
?,8/10/2016 14:01,-200,-200,-200,-200,,-200,,-200,-86,-200,-200,-200,-200
?,8/10/2016 14:01,-200,-200,-200,-200,-200,,-200,-200,-82,-200,-200,-200,-200
?,8/10/2016 14:01,-200,-200,-200,-200,-200,-200,-200,-200,-81,-200,-200,-200,-200
?,8/10/2016 14:01,-200,-200,,,-200,-200,,-200,-77,-98,-100,-200,-200
?,8/10/2016 14:01,-200,-200,-200,-200,-200,,-200,-200,-77,-200,-200,-200,-100
?,8/10/2016 14:01,-103,-200,,-200,-200,,,-200,-73,-200,-200,-200,-200
?,8/10/2016 14:01,-200,-200,-200,,,,,-200,-73,-200,-200,-200,-200
?,8/10/2016 14:01,-200,-200,-200,-200,,,,-200,-200,-98,-200,-200,-200
?,8/10/2016 14:01,-200,-200,-200,-200,,,,-200,-73,-200,-200,-200,-200
?,8/10/2016 14:01,-200,-200,-200,-200,,,-200,-200,-77,-200,-200,-200,-200
?,8/10/2016 14:01,-200,-200,-200,,,,-200,-106,-77,-91,-200,-200,-200
?,8/10/2016 14:01,-200,-200,-200,-200,,-200,,-200,-78,-95,-200,-200,-200
?,8/10/2016 14:01,-200,-200,-200,-200,,,,-200,-77,-91,-200,-200,-200
?,8/10/2016 14:01,-200,-200,,-200,-200,-200,,-200,-71,-200,-200,-200,-200
?,8/10/2016 14:01,-200,-200,-200,-200,,,-200,-200,-76,-89,-92,-200,-200
?,8/10/2016 14:01,-200,-200,-200,-200,-200,,,-200,-80,-200,-103,-200,-200
?,8/10/2016 14:01,-200,-200,,,-200,,-200,-200,-81,-200,-200,-200,-200
?,8/10/2016 14:01,-200,-200,-200,-200,,,,-200,-90,-200,-200,-200,-200
?,8/10/2016 14:01,-200,-200,-200,-200,,-200,-200,-200,-91,-102,-200,-200,-200
?,8/10/2016 14:01,-103,-200,-200,,,,,-200,-76,-200,-200,-200,-200
?,8/10/2016 14:02,-200,-200,-200,-200,,,-200,-200,-81,-200,-200,-200,-200
?,8/10/2016 14:02,-99,-200,-200,-200,,-200,,-200,-83,-200,-200,-200,-200
?,8/10/2016 14:02,-97,-200,-200,-200,,,,-200,-84,-200,-200,-200,-200
?,8/10/2016 14:02,-91,-200,,,-200,-200,,-200,-91,-200,-200,-200,-200
?,8/10/2016 14:02,-103,-200,-200,,,-200,-200,-200,-97,-200,-200,-200,-200
?,8/10/2016 14:02,-95,-200,-200,-200,,,,-200,-98,-200,-200,-200,-200
?,8/10/2016 14:02,-92,-200,,-200,-200,,,-200,-97,-200,-200,-200,-200
?,8/10/2016 14:02,-90,-200,-200,,,,-200,-200,-200,-200,-200,-200,-200
?,8/10/2016 14:02,-85,-200,,-200,-200,,-200,-200,-200,-200,-200,-200,-200
?,8/10/2016 14:02,-85,-200,-200,-200,-200,-200,,-200,-200,-200,-200,-200,-200
?,8/10/2016 14:02,-96,-200,,,-200,,,-200,-200,-200,-200,-200,-200
?,8/10/2016 14:02,-98,-200,-200,-200,,,-200,-200,-200,-200,-200,-200,-200
?,8/10/2016 14:02,-100,-200,,,-200,,-200,-200,-200,-200,-200,-200,-200
?,8/10/2016 14:02,-97,-200,-200,-200,,,,-200,-200,-200,-200,-200,-200
?,8/10/2016 14:02,-99,-200,,,-200,-200,,-200,-200,-200,-200,-200,-200
?,8/10/2016 14:02,-104,-200,-200,,,,-200,-200,-200,-200,-200,-200,-200
?,8/10/2016 14:02,-103,-200,-200,-200,-200,-200,,-200,-200,-200,-200,-200,-200
?,8/10/2016 14:02,-100,-200,-200,-200,-200,-200,-200,-200,-200,-200,-200,-200,-200
?,8/10/2016 14:02,-102,-200,-200,-200,,,,-200,-200,-200,-200,-200,-200
?,8/10/2016 14:02,-99,-200,,-200,-200,,,-200,-200,-200,-200,-200,-200
?,8/10/2016 14:02,-99,-200,-200,-200,,-200,-200,-200,-200,-200,-200,-200,-200
?,8/10/2016 14:03,-97,-200,-200,-200,,,,-200,-200,-200,-200,-200,-200
?,8/10/2016 14:03,-104,-200,-200,-200,,,,-200,-200,-200,-200,-200,-200
?,8/10/2016 14:03,-101,-200,-200,-200,,,-200,-200,-200,-200,-200,-200,-200
?,8/10/2016 14:03,-104,-200,-200,-200,,,,-200,-200,-200,-200,-200,-200
?,8/10/2016 14:03,-96,-200,-200,-200,-200,,-200,-200,-200,-200,-200,-200,-200
?,8/10/2016 14:03,-94,-200,-200,,,,,-200,-200,-200,-200,-200,-200
?,8/10/2016 14:03,-103,-200,,-200,-200,,,-200,-200,-200,-200,-200,-200
?,8/10/2016 14:03,-95,-200,-200,-200,,,,-200,-200,-200,-200,-200,-200
?,8/10/2016 14:03,-88,-200,,,-200,,,-200,-200,-200,-200,-200,-200
?,8/10/2016 14:03,-101,-200,-200,,,-200,,-200,-200,-200,-200,-200,-200
?,8/10/2016 14:03,-97,-200,-200,-200,-200,-200,,-200,-200,-200,-200,-200,-200
?,8/10/2016 14:03,-100,-200,,-200,-200,,,-200,-200,-200,-200,-200,-200
?,8/10/2016 14:03,,-200,-200,-200,,,,-200,-200,-200,-200,-200,-200
?,8/10/2016 14:03,-108,-200,-200,-200,-200,-200,-200,-200,-200,-200,-200,-200,-200
?,8/10/2016 14:03,-86,-200,-200,-200,,,-200,-200,-200,-200,-200,-200,-200
?,8/10/2016 14:03,-101,-200,-200,,,-200,,-200,-200,-200,-200,-200,-200
?,8/10/2016 14:03,-95,-200,-200,-200,,,-200,-200,-200,-200,-200,-200,-200
?,8/10/2016 14:03,-92,-200,-200,-200,-200,-200,-200,-200,-200,-200,-200,-200,-200
?,8/10/2016 14:03,-90,-200,-200,-200,,,-200,-200,-200,-200,-200,-200,-200
?,8/10/2016 14:03,-97,-200,-200,-200,,,-200,-200,-200,-200,-200,-200,-200
?,8/10/2016 14:03,-94,-200,-200,-200,-200,,,-200,-200,-200,-200,-200,-200
?,8/10/2016 14:04,-99,-200,-200,-200,,,-200,-200,-200,-200,-200,-200,-200
?,8/10/2016 14:04,-100,-200,-200,,,-200,,-200,-200,-200,-200,-200,-200
?,8/10/2016 14:04,-102,-200,-200,-200,,,,-200,-200,-200,-200,-200,-200
?,8/10/2016 14:04,-104,-200,-200,-200,,,,-200,-200,-200,-200,-200,-200
?,8/10/2016 14:04,-102,-200,,-200,-200,,-200,-200,-200,-200,-200,-200,-200
?,8/10/2016 14:04,-99,-200,-200,-200,-200,-200,,-200,-200,-200,-200,-200,-200
?,8/10/2016 14:04,-91,-200,-200,-200,,-200,-200,-200,-200,-200,-200,-200,-200
?,8/10/2016 14:04,-99,-200,-200,-200,-200,,,-200,-200,-200,-200,-200,-200
?,8/10/2016 14:04,-91,-200,-200,-200,,,,-200,-200,-200,-200,-200,-200
?,8/10/2016 14:06,-97,-200,-200,-200,,,,-200,-200,-200,-200,-200,-200
?,8/10/2016 14:06,-200,-200,-200,-200,,,,-200,-98,-200,-200,-200,-200
?,8/10/2016 14:06,-200,-200,,-200,-200,,-200,-200,-90,-200,-200,-200,-200
?,8/10/2016 14:07,-200,-200,-200,,,,-200,-200,-90,-200,-200,-200,-200
?,8/10/2016 14:07,-93,-200,-200,,,-200,,-200,-200,-200,-200,-200,-200
?,8/10/2016 14:07,-92,-200,,-200,-200,-200,,-200,-200,-200,-200,-200,-200
?,8/10/2016 14:07,-200,-200,-200,-200,,,,-200,-101,-200,-200,-200,-200
?,8/10/2016 14:07,-95,-200,,-200,-200,,-200,-200,-91,-200,-200,-200,-200
?,8/10/2016 14:07,-88,-200,-200,-200,,,,-200,-200,-200,-200,-200,-200
?,8/10/2016 14:07,-88,-200,-200,-200,,-200,,-200,-101,-200,-200,-200,-200
?,8/10/2016 14:07,-200,-200,-200,-200,-200,,,-200,-96,-200,-200,-200,-200
?,8/10/2016 14:07,-200,-200,-200,-200,,,-200,-200,-95,-200,-200,-200,-200
?,8/10/2016 14:07,-92,-200,-200,-200,,,-200,-200,-96,-200,-200,-200,-200
?,8/10/2016 14:07,-89,-200,-200,-200,,-200,,-200,-98,-200,-200,-200,-200
?,8/10/2016 14:07,-89,-200,-200,-200,,,-200,-200,-100,-200,-200,-200,-200
?,8/10/2016 14:07,-84,-200,,,,,,-200,-93,-200,-200,-200,-200
?,8/10/2016 14:07,-200,-200,-200,-200,,,,-200,-97,-200,-200,-200,-200
?,8/10/2016 14:07,-91,-200,,,-200,-200,,-200,-200,-200,-200,-200,-200
?,8/10/2016 14:07,-200,-200,,-200,-200,,-200,-105,-90,-200,-200,-200,-200
?,8/10/2016 14:07,-100,-200,-200,-200,,,-200,-200,-85,-200,-200,-200,-200
?,8/10/2016 14:07,-200,-200,-200,,,,,-200,-92,-200,-200,-200,-200
?,8/10/2016 14:07,-97,-200,-200,-200,,,-200,-200,-91,-200,-200,-200,-200
?,8/10/2016 14:07,-200,-200,-200,,,-200,-200,-200,-74,-200,-200,-200,-200
?,8/10/2016 14:07,-100,-200,-200,,,,,-200,-78,-200,-200,-200,-200
?,8/10/2016 14:07,-200,-200,,-200,-200,,-200,-200,-76,-200,-200,-200,-200
?,8/10/2016 14:07,-200,-200,,,-200,,-200,-200,-83,-200,-200,-200,-200
?,8/10/2016 14:07,-106,-200,-200,,,,,-200,-82,-200,-200,-200,-200
?,8/10/2016 14:07,-105,-200,,-200,-200,,,-200,-83,-96,-200,-200,-200
?,8/10/2016 14:07,-200,-200,-200,,,,-200,-200,-93,-98,-200,-200,-200
?,8/10/2016 14:07,-200,-200,,-200,-200,,-200,-200,-89,-105,-99,-200,-200
?,8/10/2016 14:07,-200,-200,-200,,,,,-200,-87,-99,-99,-200,-200
?,8/10/2016 14:07,-200,-200,-200,-200,-200,,,-200,-103,-91,-107,-200,-200
?,8/10/2016 14:07,-102,-200,-200,-200,,,,-200,-71,-100,-96,-101,-101
?,8/10/2016 14:07,-200,-200,,-200,-200,-200,,-200,-75,-95,-97,-99,-100
?,8/10/2016 14:07,-200,-200,-200,,,,,-200,-75,-100,-97,-200,-100
?,8/10/2016 14:07,-100,-200,-200,,,-200,,-200,-200,-200,-100,-200,-101
?,8/10/2016 14:07,-200,-200,-200,-200,-200,,,-200,-73,-98,-96,-200,-105
?,8/10/2016 14:07,-102,-200,-200,-200,,-200,,-200,-74,-101,-95,-200,-200
?,8/10/2016 14:07,-99,-200,,-200,-200,,-200,-200,-78,-200,-95,-200,-200
?,8/10/2016 14:07,-200,-200,-200,-200,,-200,,-200,-71,-102,-103,-200,-200
?,8/10/2016 14:07,-102,-200,-200,,,,-200,-200,-72,-96,-95,-100,-200
?,8/10/2016 14:07,-200,-200,-200,,,,-200,-200,-81,-98,-97,-106,-200
?,8/10/2016 14:07,-200,-200,,-200,-200,,-200,-200,-75,-200,-200,-200,-200
?,8/10/2016 14:07,-102,-200,-200,-200,,,,-200,-82,-200,-200,-200,-200
?,8/10/2016 14:07,-200,-200,,-200,-200,,,-105,-91,-95,-96,-104,-200
?,8/10/2016 14:07,-200,-200,-200,-200,,-200,,-101,-91,-94,-98,-200,-200
?,8/10/2016 14:07,-200,-200,,-200,-200,-200,,-200,-95,-90,-101,-101,-99
?,8/10/2016 14:07,-200,-200,-200,-200,,,-200,-200,-200,-86,-91,-98,-100
?,8/10/2016 14:07,-200,-200,-200,,,,-200,-94,-100,-91,-200,-200,-200
?,8/10/2016 14:08,-200,-107,-200,-200,,,,-91,-94,-84,-97,-102,-104
?,8/10/2016 14:08,-200,-200,,-200,,,-200,-95,-200,-84,-94,-200,-200
?,8/10/2016 14:08,-200,-100,-200,-200,,,,-92,-103,-77,-96,-200,-200
?,8/10/2016 14:08,-200,-99,-200,,,,,-200,-200,-74,-95,-200,-200
?,8/10/2016 14:08,-200,-200,-200,,,,-200,-200,-101,-79,-90,-200,-200
?,8/10/2016 14:08,-200,-200,-200,-200,,-102,-200,-92,-200,-86,-92,-200,-200
?,8/10/2016 14:08,-200,-200,,-200,,,,-103,-200,-95,-99,-105,-200
?,8/10/2016 14:08,-200,-200,,-200,,-200,,-92,-200,-200,-200,-100,-200
?,8/10/2016 14:08,-200,-200,-200,,,,-200,-97,-200,-97,-99,-107,-200
?,8/10/2016 14:08,-200,-105,-200,-200,,-99,-200,-92,-200,-98,-94,-200,-200
?,8/10/2016 14:08,-200,-200,,-200,,-98,-200,-93,-200,-99,-101,-200,-200
?,8/10/2016 14:08,-200,-200,,-200,,,,-200,-200,-200,-200,-200,-200
?,8/10/2016 14:08,-200,-200,-200,,,,,-89,-200,-200,-96,-107,-200
?,8/10/2016 14:08,-200,-200,-200,,,,,-96,-200,-97,-95,-200,-200
?,8/10/2016 14:08,-200,-200,-200,-200,,,,-97,-200,-100,-96,-200,-200
?,8/10/2016 14:08,-200,-200,,,-200,,-200,-97,-200,-200,-101,-200,-200
?,8/10/2016 14:08,-200,-200,-200,-200,,,-200,-93,-200,-200,-100,-200,-200
?,8/10/2016 14:08,-200,-200,-200,-200,-200,,,-98,-200,-99,-98,-200,-200
?,8/10/2016 14:08,-200,-200,-200,-200,-200,,,-200,-101,-91,-200,-200,-200
?,8/10/2016 14:08,-200,-200,-200,-200,,,,-200,-96,-87,-200,-200,-200
?,8/10/2016 14:08,-200,-200,-200,-200,,-200,,-200,-200,-200,-85,-200,-200
?,8/10/2016 14:08,-200,-104,-200,-200,,,-200,-200,-200,-100,-200,-103,-200
?,8/10/2016 14:08,-200,-200,-200,-200,,,-200,-200,-200,-100,-84,-200,-200
?,8/10/2016 14:08,-200,-200,-200,-200,,-200,-200,-200,-200,-200,-84,-200,-200
?,8/10/2016 14:08,-200,-200,-200,-200,,,,-200,-200,-200,-200,-100,-200
?,8/10/2016 14:08,-200,-200,-200,,,,,-101,-200,-200,-200,-98,-200
?,8/10/2016 14:08,-200,-200,-200,-200,,,-200,-97,-200,-200,-99,-102,-200
?,8/10/2016 14:08,-200,-200,,-200,-200,,-200,-200,-200,-200,-95,-91,-200
?,8/10/2016 14:08,-200,-200,,-200,-200,-200,-200,-200,-200,-200,-97,-92,-200
?,8/10/2016 14:08,-200,-200,-200,-200,-200,,-200,-200,-200,-200,-200,-88,-200
?,8/10/2016 14:08,-200,-200,-200,-200,,-200,,-200,-200,-200,-200,-95,-200
?,8/10/2016 14:08,-200,-200,-200,-200,,,,-200,-200,-200,-200,-200,-104
?,8/10/2016 14:08,-200,-200,,-200,-200,,,-200,-200,-200,-200,-200,-99
?,8/10/2016 14:08,-200,-200,-200,,,-200,-200,-200,-200,-200,-200,-200,-98
?,8/10/2016 14:09,-200,-200,-200,,,,,-200,-200,-200,-102,-200,-200
?,8/10/2016 14:09,-200,-200,-200,-200,,,,-200,-200,-200,-95,-103,-200
?,8/10/2016 14:10,-200,-200,-200,-200,-200,,-200,-104,-200,-200,-200,-200,-200
?,8/10/2016 14:10,-200,-200,-200,-200,-200,-200,,-103,-200,-200,-200,-200,-200
?,8/10/2016 14:10,-200,-200,,,-200,,,-104,-200,-200,-200,-200,-200
?,8/10/2016 14:10,-200,-200,-200,,,,-200,-104,-200,-200,-200,-200,-200
?,8/10/2016 14:10,-200,-200,-200,-200,,,,-102,-200,-200,-200,-200,-200
?,8/10/2016 14:10,-200,-200,-200,-200,-200,-200,-200,-103,-200,-200,-200,-200,-200
?,8/10/2016 14:10,-200,-200,,,-200,,-200,-104,-200,-200,-200,-200,-200
?,8/10/2016 14:10,-200,-200,-200,,,-200,-200,-105,-200,-200,-200,-200,-200
?,8/10/2016 14:10,-200,-200,-200,-200,,-200,,-104,-200,-200,-200,-200,-200
?,8/10/2016 14:11,-200,-200,-200,-200,-200,,,-104,-200,-200,-200,-200,-200
?,8/10/2016 14:11,-200,-200,-200,-200,,-200,,-105,-200,-200,-200,-200,-200
?,8/10/2016 14:11,-200,-200,-200,,,-200,,-103,-200,-200,-200,-200,-200
?,8/10/2016 14:11,-200,-200,,-200,-200,-200,-200,-104,-200,-200,-200,-200,-200
?,8/10/2016 14:11,-200,-200,-200,-200,,-200,,-105,-200,-200,-200,-200,-200
?,8/10/2016 14:12,-200,-200,-200,-200,-200,,,-104,-200,-200,-200,-200,-200
?,8/10/2016 14:12,-200,-200,-200,-200,,,,-105,-200,-200,-200,-200,-200
?,8/10/2016 14:12,-200,-200,-200,,,,-200,-104,-200,-200,-200,-200,-200
?,8/10/2016 14:12,-200,-200,-200,-200,-200,,-200,-105,-200,-200,-200,-200,-200
?,8/10/2016 14:12,-200,-200,-200,-200,,,-200,-105,-200,-200,-200,-200,-200
?,8/10/2016 14:12,-200,-200,-200,-200,,,-200,-107,-200,-200,-200,-200,-200
?,8/10/2016 14:13,-200,-200,-200,-200,,-200,,-103,-200,-200,-200,-200,-200
?,8/10/2016 14:13,-200,-200,-200,-200,-200,,,-107,-200,-200,-200,-200,-200
?,8/10/2016 14:13,-200,-200,-200,-200,-200,,,-105,-200,-200,-200,-200,-200
?,8/10/2016 14:13,-200,-200,-200,-200,,,-200,-103,-200,-200,-200,-200,-200
?,8/10/2016 14:13,-200,-200,,-200,-200,,,-107,-200,-200,-200,-200,-200
?,8/10/2016 14:13,-200,-200,-200,-200,,-200,-200,-104,-200,-200,-200,-200,-200
?,8/10/2016 14:13,-200,-200,-200,-200,,-200,,-103,-200,-200,-200,-200,-200
?,8/10/2016 14:13,-200,-200,,,-200,,-200,-106,-200,-200,-200,-200,-200
?,8/10/2016 14:13,-200,-200,-200,-200,,,,-102,-200,-200,-200,-200,-200
?,8/10/2016 14:13,-200,-200,,-200,-200,,-200,-105,-200,-200,-200,-200,-200
?,8/10/2016 14:14,-200,-200,,,-200,,-200,-106,-200,-200,-200,-200,-200
?,8/10/2016 14:14,-200,-200,-200,,,-200,-200,-104,-200,-200,-200,-200,-200
?,8/10/2016 14:14,-200,-200,-200,-200,,-200,,-104,-200,-200,-200,-200,-200
?,8/10/2016 14:14,-200,-200,,,-200,,,-104,-200,-200,-200,-200,-200
?,8/10/2016 14:14,-200,-200,-200,-200,,-200,,-105,-200,-200,-200,-200,-200
?,8/10/2016 14:15,-200,-200,,,-200,,,-104,-200,-200,-200,-200,-200
?,8/10/2016 14:15,-200,-200,,,-200,-200,-200,-102,-200,-200,-200,-200,-200
?,8/10/2016 14:15,-200,-200,-200,-200,,,,-102,-200,-200,-200,-200,-200
?,8/10/2016 14:15,-200,-200,-200,,,-200,,-105,-200,-200,-200,-200,-200
?,8/10/2016 14:15,-200,-200,-200,,,,,-105,-200,-200,-200,-200,-200
?,8/10/2016 14:16,-200,-200,-200,-200,,,,-103,-200,-200,-200,-200,-200
?,8/10/2016 14:16,-200,-200,,,-200,,-200,-103,-200,-200,-200,-200,-200
?,8/10/2016 14:16,-200,-200,-200,,,,,-104,-200,-200,-200,-200,-200
?,8/10/2016 14:16,-200,-200,-200,,,,-200,-103,-200,-200,-200,-200,-200
?,8/10/2016 14:17,-200,-200,,-200,-200,,,-108,-200,-200,-200,-200,-200
?,8/10/2016 14:17,-200,-200,-200,-200,,-200,-200,-102,-200,-200,-200,-200,-200
?,8/10/2016 14:18,-200,-200,-200,-200,-200,-200,-200,-106,-200,-200,-200,-200,-200
?,8/10/2016 14:18,-200,-200,-200,-200,,-200,,-104,-200,-200,-200,-200,-200
?,8/10/2016 14:18,-200,-200,-200,-200,,-200,,-104,-200,-200,-200,-200,-200
?,8/10/2016 14:18,-200,-200,,-200,-200,,,-102,-200,-200,-200,-200,-200
?,8/10/2016 14:24,-200,-200,,,-200,-200,,-105,-200,-200,-200,-200,-200
?,8/10/2016 14:25,-200,-200,-200,-200,,-200,,-99,-200,-200,-200,-200,-200
?,8/10/2016 14:25,-200,-200,-200,-200,-200,-200,,-105,-200,-200,-200,-200,-200
?,8/10/2016 14:25,-200,-200,-200,-200,,,-200,-105,-200,-200,-200,-200,-200
?,8/10/2016 14:25,-200,-200,-200,,,-200,,-97,-200,-200,-200,-200,-200
?,8/10/2016 14:25,-200,-200,-200,-200,,-200,,-84,-200,-200,-200,-200,-200
?,8/10/2016 14:25,-200,-200,,-200,-200,,,-90,-200,-200,-200,-200,-200
?,8/10/2016 14:25,-200,-200,-200,-200,,-200,,-88,-200,-200,-200,-200,-200
?,8/10/2016 14:25,-101,-200,-200,,,,-200,-91,-200,-200,-200,-200,-200
?,8/10/2016 14:25,-101,-200,-200,-200,,,,-200,-200,-200,-200,-200,-200
?,8/10/2016 14:25,-200,-200,-200,,,-200,-200,-200,-200,-200,-200,-200,-200
?,8/10/2016 14:25,-103,-200,,-200,-200,-200,,-200,-200,-200,-200,-200,-200
?,8/10/2016 14:25,-81,-200,-200,-200,-200,,,-200,-200,-200,-200,-200,-200
?,8/10/2016 14:25,-98,-200,-200,,,,,-200,-200,-200,-200,-200,-200
?,8/10/2016 14:25,-95,-200,-200,-200,,,-200,-200,-200,-200,-200,-200,-200
?,8/10/2016 14:25,-99,-200,-200,-200,-200,-200,-200,-200,-200,-200,-200,-200,-200
?,8/10/2016 14:25,-103,-200,-200,,,,,-200,-200,-200,-200,-200,-200
?,8/10/2016 14:25,-103,-200,-200,,,,,-200,-99,-200,-200,-200,-200
?,8/10/2016 14:25,-86,-200,,-200,-200,,-200,-200,-104,-200,-200,-200,-200
?,8/10/2016 14:25,-84,-200,,,-200,,,-200,-102,-200,-200,-200,-200
?,8/10/2016 14:25,-90,-200,-200,-200,,,-200,-200,-200,-200,-200,-200,-200
?,8/10/2016 14:25,-83,-200,-200,-200,,,,-200,-200,-200,-200,-200,-200
?,8/10/2016 14:25,-83,-200,-200,,,-200,,-200,-200,-200,-200,-200,-200
?,8/10/2016 14:26,-86,-200,,,-200,-200,,-200,-200,-200,-200,-200,-200
?,8/10/2016 14:26,-89,-200,-200,-200,,,,-200,-200,-200,-200,-200,-200
?,8/10/2016 14:26,-87,-200,-200,-200,-200,-200,,-200,-200,-200,-200,-200,-200
?,8/10/2016 14:26,-200,-200,-200,,,,-200,-102,-200,-200,-200,-200,-200
?,8/10/2016 14:26,-83,-200,,,,,,-200,-200,-200,-200,-200,-200
?,8/10/2016 14:26,-77,-200,,,-200,,,-98,-200,-200,-200,-200,-200
?,8/10/2016 14:26,-79,-200,,-200,-200,-200,-200,-91,-200,-200,-200,-200,-200
?,8/10/2016 14:26,-83,-200,,-200,,,,-91,-200,-200,-200,-200,-200
?,8/10/2016 14:26,-78,-200,-200,-200,,,,-91,-107,-200,-200,-200,-200
?,8/10/2016 14:26,-84,-200,-200,,,,,-90,-200,-200,-200,-200,-200
?,8/10/2016 14:26,-84,-200,-200,-200,,-97,,-200,-200,-200,-200,-200,-200
?,8/10/2016 14:26,-87,-200,-200,-101,-200,,-101,-85,-200,-200,-200,-200,-200
?,8/10/2016 14:26,-88,-89,,-100,,-91,-200,-92,-200,-98,-200,-200,-200
?,8/10/2016 14:26,-84,-93,-200,-102,,,,-96,-200,-103,-200,-200,-200
?,8/10/2016 14:26,-91,-200,,-200,,,,-83,-200,-200,-200,-200,-200
?,8/10/2016 14:26,-102,-100,,-200,,,-200,-85,-200,-97,-200,-200,-200
?,8/10/2016 14:26,-200,-79,,-200,,,,-200,-200,-200,-200,-200,-200
?,8/10/2016 14:26,-200,-80,-200,-200,,,-200,-200,-200,-200,-200,-200,-200
?,8/10/2016 14:26,-200,-85,,-200,,-103,,-200,-200,-200,-200,-200,-200
?,8/10/2016 14:26,-200,-76,,-200,,,-200,-200,-200,-200,-200,-200,-200
?,8/10/2016 14:26,-200,-200,,-101,,,-200,-200,-200,-200,-200,-200,-200
?,8/10/2016 14:26,-200,-79,,-95,,,-200,-200,-200,-200,-200,-200,-200
?,8/10/2016 14:26,-200,-91,-94,-200,,,,-96,-200,-200,-200,-200,-200
?,8/10/2016 14:26,-200,,,,,,-200,-89,-200,-200,-200,-200,-200
?,8/10/2016 14:26,-200,-200,-200,-94,,,-200,-200,-200,-106,-200,-200,-200
?,8/10/2016 14:26,-200,-85,-103,,,,-200,-88,-200,-200,-200,-200,-200
?,8/10/2016 14:26,-200,-75,-200,-102,,,,-90,-200,-200,-200,-200,-200
?,8/10/2016 14:26,-200,-77,-200,-107,,-91,,-89,-200,-200,-200,-200,-200
?,8/10/2016 14:26,-200,-200,-200,,,-89,,-90,-200,-100,-200,-200,-200
?,8/10/2016 14:26,-200,-85,-200,-200,,-200,-200,-200,-200,-200,-200,-200,-200
?,8/10/2016 14:26,-200,-200,-89,-200,,-200,,-91,-200,-103,-200,-200,-200
?,8/10/2016 14:26,-200,-84,-89,-99,,,,-90,-200,-200,-200,-200,-200
?,8/10/2016 14:26,-200,-82,-99,,,,-200,-200,-200,-200,-200,-200,-200
?,8/10/2016 14:26,-200,-81,-200,,,,-200,-200,-200,-200,-200,-200,-200
?,8/10/2016 14:26,-200,-88,-200,-97,,-88,-200,-90,-200,-200,-200,-200,-200
?,8/10/2016 14:26,-200,-78,-200,-200,,,,-200,-200,-200,-200,-200,-200
?,8/10/2016 14:26,-200,-200,-200,,,,-200,-103,-200,-200,-200,-200,-200
?,8/10/2016 14:26,-200,-81,-200,-95,,,-200,-200,-200,-200,-200,-200,-200
?,8/10/2016 14:26,-200,-83,-103,,,-86,,-89,-200,-200,-200,-200,-200
?,8/10/2016 14:26,-200,-74,-90,-100,-200,,,-200,-200,-104,-200,-200,-200
?,8/10/2016 14:26,-200,-74,-97,-200,,,,-91,-200,-200,-200,-200,-200
?,8/10/2016 14:26,-200,-83,-200,-200,,-93,,-91,-200,-200,-200,-200,-200
?,8/10/2016 14:26,-200,-85,-200,,,,,-84,-200,-200,-200,-200,-200
?,8/10/2016 14:26,-200,-85,,-200,,,-200,-85,-200,-95,-200,-200,-200
?,8/10/2016 14:26,-200,-92,-200,-200,,-100,,-84,-200,-200,-200,-200,-200
?,8/10/2016 14:26,-200,-200,,-200,,,-200,-91,-200,-200,-200,-200,-200
?,8/10/2016 14:26,-97,-91,,-200,-200,-94,-200,-200,-200,-200,-200,-200,-200
?,8/10/2016 14:26,-200,-200,-200,-200,,-200,-200,-200,-200,-200,-200,-200,-200
?,8/10/2016 14:26,-200,-200,-200,-200,,,,-81,-200,-200,-200,-200,-200
?,8/10/2016 14:27,-200,-200,-200,-105,,,,-200,-200,-95,-200,-200,-200
?,8/10/2016 14:27,-84,-200,-102,,,-94,-200,-72,-200,-101,-200,-200,-200
?,8/10/2016 14:27,-97,-200,-200,-200,,,,-76,-200,-200,-200,-200,-200
?,8/10/2016 14:27,-200,-200,-200,-200,,-200,,-73,-200,-200,-200,-200,-200
?,8/10/2016 14:27,-200,-200,-200,-200,-200,,-200,-74,-200,-200,-200,-200,-200
?,8/10/2016 14:27,-200,-97,,-200,-200,-200,,-71,-200,-200,-200,-200,-200
?,8/10/2016 14:27,-200,-200,-200,-200,,,,-82,-200,-97,-200,-200,-200
?,8/10/2016 14:27,-200,-103,-200,-200,,-98,,-102,-200,-90,-200,-200,-200
?,8/10/2016 14:27,-200,-200,,-200,-200,,,-200,-200,-81,-200,-200,-200
?,8/10/2016 14:27,-200,-100,-200,-200,,,-200,-200,-200,-80,-200,-200,-200
?,8/10/2016 14:27,-200,-200,-200,-200,,,-200,-200,-200,-81,-200,-200,-200
?,8/10/2016 14:27,-200,-200,-200,-200,,,,-95,-97,-200,-200,-200,-200
?,8/10/2016 14:27,-200,-101,,-200,-200,,,-200,-90,-79,-82,-200,-200
?,8/10/2016 14:27,-200,-200,-200,,,,,-97,-101,-87,-90,-200,-200
?,8/10/2016 14:27,-200,-104,-200,-200,,,-200,-101,-200,-86,-94,-100,-200
?,8/10/2016 14:27,-200,-200,-200,-200,-200,-200,-200,-103,-100,-88,-200,-96,-200
?,8/10/2016 14:27,-200,-200,-200,-200,-200,,,-101,-98,-83,-85,-91,-101
?,8/10/2016 14:27,-200,-200,-200,-200,,-101,,-99,-200,-84,-86,-100,-100
?,8/10/2016 14:27,-200,-104,,,-200,-200,-200,-100,-200,-90,-92,-95,-102
?,8/10/2016 14:27,-200,-200,-200,-200,,,,-200,-200,-84,-200,-200,-200
?,8/10/2016 14:27,-200,-200,,,-200,,-200,-200,-99,-90,-99,-98,-200
?,8/10/2016 14:27,-200,-200,-200,-200,,,-200,-98,-200,-100,-200,-103,-200
?,8/10/2016 14:27,-200,-200,,-200,,-200,-200,-200,-200,-97,-98,-200,-200
?,8/10/2016 14:27,-200,-200,-200,-200,,,-200,-200,-101,-86,-83,-200,-200
?,8/10/2016 14:27,-200,-200,-200,,,,-200,-200,-99,-97,-91,-200,-200
?,8/10/2016 14:27,-200,-99,,-200,,,,-98,-200,-89,-83,-87,-96
?,8/10/2016 14:27,-200,-200,-200,-200,-200,,,-96,-96,-92,-83,-89,-102
?,8/10/2016 14:27,-200,-200,,-200,-200,,-200,-200,-200,-93,-92,-200,-200
?,8/10/2016 14:27,-200,-200,-200,-200,,,,-200,-200,-97,-200,-200,-200
?,8/10/2016 14:27,-200,-200,,-200,,,,-97,-200,-200,-101,-200,-200
?,8/10/2016 14:27,-200,-200,-200,-200,,,,-91,-200,-99,-92,-100,-200
?,8/10/2016 14:27,-106,-200,-200,,,,,-200,-200,-200,-95,-200,-200
?,8/10/2016 14:27,-200,-200,,-200,,,-200,-100,-105,-91,-94,-200,-200
?,8/10/2016 14:27,-200,-200,-200,-200,,,-102,-83,-200,-96,-96,-200,-200
?,8/10/2016 14:27,-200,-200,-200,,,,-200,-77,-200,-98,-200,-200,-200
?,8/10/2016 14:27,-200,-200,-200,,,-90,,-85,-200,-200,-200,-200,-200
?,8/10/2016 14:27,-200,-200,-99,-200,,-89,,-87,-200,-200,-200,-200,-200
?,8/10/2016 14:27,-200,-200,-200,,,,-200,-88,-200,-200,-94,-200,-200
?,8/10/2016 14:27,-200,-200,-200,-200,,,,-89,-200,-99,-200,-200,-200
?,8/10/2016 14:27,-200,-200,-106,,,,,-100,-200,-200,-102,-200,-200
?,8/10/2016 14:27,-200,-200,,-200,-200,,-200,-84,-200,-200,-200,-200,-200
?,8/10/2016 14:27,-103,-97,,,,,-200,-94,-200,-200,-200,-200,-200
?,8/10/2016 14:27,-200,-200,-200,-99,-200,-200,,-200,-200,-200,-200,-200,-200
?,8/10/2016 14:27,-200,-200,-106,-200,-200,-79,,-200,-200,-200,-200,-200,-200
?,8/10/2016 14:27,-200,-200,-200,-200,,,,-200,-200,-200,-200,-200,-200
?,8/10/2016 14:27,-105,-200,-200,,,,,-200,-200,-200,-200,-200,-200
?,8/10/2016 14:27,-200,-200,-101,-106,-200,-101,,-200,-200,-200,-200,-200,-200
?,8/10/2016 14:27,-200,-200,,-200,,,-86,-100,-200,-200,-200,-200,-200
?,8/10/2016 14:27,-200,-200,,-200,,,-90,-200,-200,-200,-200,-200,-200
?,8/10/2016 14:27,-200,-200,-200,-90,-200,-93,-89,-200,-200,-200,-200,-200,-200
?,8/10/2016 14:28,-200,-200,,-91,-200,-103,,-200,-200,-200,-200,-200,-200
?,8/10/2016 14:28,-200,-105,-106,,-200,,,-200,-200,-200,-200,-200,-200
?,8/10/2016 14:28,-200,-200,-200,-98,,,-89,-200,-200,-200,-200,-200,-200
?,8/10/2016 14:28,,-200,-200,-102,-200,-200,-200,-200,-200,-200,-200,-200,-200
?,8/10/2016 14:28,-200,-200,-200,,,,,-200,-200,-200,-200,-200,-200
?,8/10/2016 14:28,-200,-200,-200,-200,-200,-200,,-200,-200,-200,-200,-200,-200
?,8/10/2016 14:28,-200,-200,-200,-200,,-200,,-200,-200,-200,-200,-200,-200
?,8/10/2016 14:28,-200,-200,-200,,,,,-200,-200,-200,-200,-200,-200
?,8/10/2016 14:28,-200,-200,-200,-200,,,,-200,-200,-200,-200,-200,-104
?,8/10/2016 14:28,-200,-200,-200,-200,,,,-200,-200,-200,-200,-200,-103
?,8/10/2016 14:28,-200,-200,-200,-200,,-200,-200,-200,-200,-200,-200,-200,-102
?,8/12/2016 11:00,-200,-200,-200,,,,,-200,-200,-200,-200,-200,-200
?,8/12/2016 11:00,-200,-200,,-200,-200,,,-200,-200,-200,-200,-200,-200
?,8/12/2016 11:00,-200,-200,,-200,-200,,,-200,-200,-200,-200,-200,-200
?,8/12/2016 11:00,-200,-200,-200,,,,,-200,-200,-200,-200,-200,-200
?,8/12/2016 11:00,-200,-200,-200,,,,-104,-200,-200,-200,-200,-200,-200
?,8/12/2016 11:01,-200,-200,-200,-200,-200,-103,,-200,-200,-200,-200,-200,-200
?,8/12/2016 11:01,-200,-200,-200,-200,,,,-200,-200,-200,-200,-200,-200
?,8/12/2016 11:01,-200,-200,,-200,-200,,-105,-200,-200,-200,-200,-200,-200
?,8/12/2016 11:01,-200,-200,,,-200,,,-200,-200,-200,-200,-200,-103
?,8/12/2016 11:01,-200,-200,-200,-200,,,-200,-200,-200,-200,-200,-200,-102
?,8/12/2016 11:01,-200,-200,,-200,-200,-101,-200,-200,-200,-200,-200,-200,-200
?,8/12/2016 11:01,-200,-200,-200,-200,,,,-200,-200,-200,-200,-200,-101
?,8/12/2016 11:01,-200,-200,-200,,,-200,,-200,-200,-200,-200,-200,-102
?,8/12/2016 11:01,-200,-200,,,-200,,,-200,-200,-200,-200,-200,-96
?,8/12/2016 11:01,-200,-200,-200,-200,,,,-200,-200,-200,-200,-200,-95
?,8/12/2016 11:01,-200,-200,-200,,,,-200,-200,-200,-200,-200,-200,-104
?,8/12/2016 11:01,-200,-200,-200,-200,,-200,-200,-200,-200,-200,-200,-200,-101
?,8/12/2016 11:01,-200,-200,-200,-200,,,,-200,-200,-200,-200,-200,-94
?,8/12/2016 11:01,-200,-200,-200,-200,-200,,,-200,-200,-200,-200,-200,-90
?,8/12/2016 11:01,-200,-200,-200,,,-200,,-200,-200,-200,-200,-200,-89
?,8/12/2016 11:01,-200,-200,-200,-200,,,,-200,-200,-200,-200,-200,-89
?,8/12/2016 11:01,-200,-200,,,-200,-200,-200,-200,-200,-200,-109,-200,-97
?,8/12/2016 11:01,-200,-200,-200,-200,,,,-200,-200,-200,-200,-200,-99
?,8/12/2016 11:01,-200,-200,,,-200,,,-200,-200,-200,-200,-200,-101
?,8/12/2016 11:01,-200,-200,-200,,,,,-200,-200,-200,-200,-200,-200
?,8/12/2016 11:01,-200,-200,-200,-200,-200,,,-200,-200,-200,-200,-106,-200
?,8/12/2016 11:01,-200,-200,,-200,-200,-200,-200,-200,-200,-200,-95,-200,-200
?,8/12/2016 11:01,-200,-200,-200,,,,-200,-200,-200,-200,-97,-89,-200
?,8/12/2016 11:01,-200,-200,,-200,-200,-200,,-93,-200,-200,-200,-200,-200
?,8/12/2016 11:01,-200,-200,-200,-200,,-200,-200,-95,-200,-200,-200,-200,-200
?,8/12/2016 11:01,-200,-200,-200,-200,,,,-98,-200,-200,-200,-200,-200
?,8/12/2016 11:01,-200,-200,-200,-200,,,-200,-200,-200,-200,-200,-98,-200
?,8/12/2016 11:01,-200,-200,,-200,-200,,-200,-96,-99,-200,-88,-94,-200
?,8/12/2016 11:01,-200,-200,-200,-200,-200,-200,-200,-98,-200,-200,-200,-200,-200
?,8/12/2016 11:01,-200,-200,-200,-200,-200,,,-91,-96,-200,-200,-200,-200
?,8/12/2016 11:01,-200,-200,-200,-200,,,-200,-91,-100,-97,-84,-200,-200
?,8/12/2016 11:01,-200,-102,-200,-200,,-200,-200,-93,-200,-200,-82,-200,-200
?,8/12/2016 11:01,-200,-103,,-200,-200,,,-98,-100,-89,-89,-200,-200
?,8/12/2016 11:01,-200,-200,,,,-97,,-91,-103,-101,-101,-108,-200
?,8/12/2016 11:01,-200,-200,-200,,,-99,-200,-90,-106,-99,-200,-102,-200
?,8/12/2016 11:01,-200,-103,-105,-200,,-93,,-91,-200,-91,-99,-200,-200
?,8/12/2016 11:01,-200,-200,-200,,,,-200,-87,-200,-200,-97,-200,-200
?,8/12/2016 11:02,-200,-200,-200,-200,-200,,-200,-79,-200,-200,-99,-200,-200
?,8/12/2016 11:02,-99,-103,-98,,,,,-74,-200,-101,-106,-200,-200
?,8/12/2016 11:02,-200,-102,,-200,-200,-200,,-200,-200,-101,-200,-200,-200
?,8/12/2016 11:02,-104,-98,-200,,,,-102,-80,-200,-200,-200,-200,-200
?,8/12/2016 11:02,-97,-99,,-107,,-83,-99,-84,-200,-200,-200,-200,-200
?,8/12/2016 11:02,-98,-101,,-200,,,,-94,-200,-200,-200,-200,-200
?,8/12/2016 11:02,-200,-96,,,,,-98,-89,-200,-200,-105,-200,-200
?,8/12/2016 11:02,-200,-92,-200,-200,-200,,,-89,-200,-200,-200,-200,-200
?,8/12/2016 11:02,-99,-99,-200,-200,,,,-91,-200,-200,-200,-200,-200
?,8/12/2016 11:02,-99,-200,-97,-200,,,,-200,-200,-200,-200,-200,-200
?,8/12/2016 11:02,-101,-200,-200,-200,,,,-200,-200,-200,-200,-200,-200
?,8/12/2016 11:02,-99,-100,-200,-200,,,,-104,-200,-200,-200,-200,-200
?,8/12/2016 11:02,-96,-97,,-200,,-82,,-200,-200,-200,-200,-200,-200
?,8/12/2016 11:02,-96,-98,,,,,,-97,-200,-200,-200,-200,-200
?,8/12/2016 11:02,-200,-200,-102,,,,,-91,-200,-200,-200,-200,-200
?,8/12/2016 11:02,-200,-99,-101,-200,,,-103,-94,-200,-200,-200,-200,-200
?,8/12/2016 11:02,-105,-96,-97,-200,,-83,-103,-99,-200,-200,-200,-200,-200
?,8/12/2016 11:02,-97,-98,-101,-102,,,,-200,-200,-200,-200,-200,-200
?,8/12/2016 11:02,-200,-106,-200,-200,,,,-92,-200,-104,-102,-200,-200
?,8/12/2016 11:02,-200,-96,,,-200,,,-97,-200,-101,-107,-200,-200
?,8/12/2016 11:02,-200,-200,-92,,,-80,-100,-102,-200,-103,-200,-200,-200
?,8/12/2016 11:02,-200,-200,,,,-85,,-200,-200,-200,-200,-200,-200
?,8/12/2016 11:02,-200,-100,-92,-99,,,,-200,-200,-200,-200,-200,-200
?,8/12/2016 11:02,-97,-100,-200,,,-84,,-200,-200,-200,-200,-200,-200
?,8/12/2016 11:02,-200,-200,-200,,,-87,-200,-93,-200,-96,-105,-200,-200
?,8/12/2016 11:02,-200,-95,,-200,,,,-85,-200,-200,-200,-200,-200
?,8/12/2016 11:02,-99,-104,,,,,-200,-91,-200,-97,-101,-200,-200
?,8/12/2016 11:02,-96,-200,-200,-200,,,,-78,-200,-95,-96,-200,-200
?,8/12/2016 11:02,-200,-200,-200,-200,,,,-200,-200,-94,-98,-200,-200
?,8/12/2016 11:02,-101,-200,-107,,,,,-79,-200,-95,-200,-200,-200
?,8/12/2016 11:02,-200,-103,-200,,,-200,-200,-71,-200,-200,-101,-200,-200
?,8/12/2016 11:02,-200,-200,-200,-200,,,-200,-80,-200,-94,-91,-101,-200
?,8/12/2016 11:02,-200,-200,-200,-200,,,,-91,-200,-90,-92,-200,-200
?,8/12/2016 11:02,-200,-200,,,,,,-91,-200,-96,-90,-105,-200
?,8/12/2016 11:02,-200,-200,-200,-200,,,,-101,-200,-89,-98,-200,-200
?,8/12/2016 11:02,-200,-200,,,-200,,-200,-98,-200,-88,-96,-200,-200
?,8/12/2016 11:02,-200,-200,-200,,,-200,,-100,-200,-200,-200,-200,-200
?,8/12/2016 11:02,-200,-200,-200,-200,,-98,-200,-99,-200,-102,-90,-200,-200
?,8/12/2016 11:02,-200,-200,,-200,-200,,,-100,-200,-200,-81,-200,-200
?,8/12/2016 11:02,-200,-200,-200,-200,,,,-104,-200,-101,-82,-98,-200
?,8/12/2016 11:02,-200,-200,,-200,-200,,,-91,-200,-103,-84,-99,-200
?,8/12/2016 11:02,-200,-200,,-200,,-200,,-95,-200,-99,-79,-95,-200
?,8/12/2016 11:02,-200,-200,-200,-200,,,,-94,-200,-200,-200,-100,-200
?,8/12/2016 11:02,-200,-200,-200,,,,,-96,-200,-105,-200,-200,-200
?,8/12/2016 11:02,-200,-200,,-200,-200,,,-99,-200,-200,-96,-99,-200
?,8/12/2016 11:02,-200,-200,-200,-200,,,-200,-200,-200,-200,-104,-200,-200
?,8/12/2016 11:02,-200,-200,-200,-200,,,,-200,-200,-200,-200,-86,-200
?,8/12/2016 11:02,-200,-200,-200,,,-200,,-200,-200,-200,-102,-89,-200
?,8/12/2016 11:02,-200,-200,-200,-200,-200,,-200,-200,-200,-200,-200,-94,-200
?,8/12/2016 11:03,-200,-200,-200,-200,,,-200,-200,-200,-200,-200,-200,-101
?,8/12/2016 11:03,-200,-200,-200,-200,,-200,,-200,-200,-200,-200,-200,-84
?,8/12/2016 11:03,-200,-200,-200,,,,,-200,-200,-200,-200,-200,-83
?,8/12/2016 11:03,-200,-200,-200,-200,-200,-200,,-200,-200,-200,-200,-200,-77
?,8/12/2016 11:03,-200,-200,-200,-200,,,-200,-200,-200,-200,-200,-90,-200
?,8/12/2016 11:03,-200,-200,-200,-200,,,-200,-200,-200,-200,-200,-100,-200
?,8/12/2016 11:03,-200,-200,,,-200,-200,,-200,-200,-200,-200,-100,-200
?,8/12/2016 11:03,-200,-200,,-200,-200,,,-200,-200,-200,-200,-102,-200
?,8/12/2016 11:03,-200,-200,-200,-200,,-200,-200,-200,-200,-200,-200,-97,-200
?,8/12/2016 11:03,-200,-200,-200,-200,,,,-200,-200,-200,-200,-97,-200
?,8/12/2016 11:03,-200,-200,-200,-200,,,,-200,-200,-200,-200,-200,-83
?,8/12/2016 11:03,-200,-200,,-200,-200,,-200,-200,-200,-200,-200,-100,-200
?,8/12/2016 11:03,-200,-200,,-200,-200,,-200,-200,-200,-200,-200,-101,-78
?,8/12/2016 11:03,-200,-200,-200,-200,,,,-200,-200,-200,-200,-103,-84
?,8/12/2016 11:03,-200,-200,-200,-200,,,-200,-200,-200,-200,-200,-100,-200
?,8/12/2016 11:03,-200,-200,-200,-200,,,-200,-200,-200,-200,-200,-200,-84
?,8/12/2016 11:03,-200,-200,-200,,,,,-200,-200,-200,-200,-97,-87
?,8/12/2016 11:03,-200,-200,-200,,,,,-200,-200,-200,-200,-200,-76
?,8/12/2016 11:03,-200,-200,-200,-200,-200,,,-200,-200,-200,-200,-200,-83
?,8/12/2016 11:03,-200,-200,-200,-200,,-200,,-200,-200,-200,-200,-200,-77
?,8/12/2016 11:03,-200,-200,,-200,-200,-200,-200,-200,-200,-200,-200,-200,-85
?,8/12/2016 11:03,-200,-200,-200,,,,,-200,-200,-200,-200,-200,-80
?,8/12/2016 11:03,-200,-200,-200,-200,-200,,,-200,-200,-200,-200,-200,-74
?,8/12/2016 11:03,-200,-200,-200,,,,,-200,-200,-200,-200,-200,-75
?,8/12/2016 11:03,-200,-200,,,-200,-200,-200,-200,-200,-200,-200,-200,-76
?,8/12/2016 11:03,-200,-200,-200,-200,,,,-200,-200,-200,-200,-200,-81
?,8/12/2016 11:03,-200,-200,-200,-200,,,,-200,-200,-200,-200,-200,-78
?,8/12/2016 11:03,-200,-200,-200,-200,-200,,-200,-200,-200,-200,-200,-200,-80
?,8/12/2016 11:03,-200,-200,-200,-200,-200,-200,,-200,-200,-200,-200,-200,-81
?,8/12/2016 11:03,-200,-200,-200,,,,,-200,-200,-200,-200,-200,-79
?,8/12/2016 11:03,-200,-200,-200,,,,,-200,-200,-200,-200,-200,-73
?,8/12/2016 11:03,-200,-200,-200,-200,-200,,,-200,-200,-200,-200,-104,-85
?,8/12/2016 11:03,-200,-200,-200,,,,,-200,-200,-200,-200,-200,-76
?,8/12/2016 11:03,-200,-200,-200,-200,-200,-200,-200,-200,-200,-200,-200,-200,-75
?,8/12/2016 11:03,-200,-200,-200,,,,,-200,-200,-200,-200,-200,-75
?,8/12/2016 11:03,-200,-200,-200,-200,-200,-200,,-200,-200,-200,-200,-103,-78
?,8/12/2016 11:03,-200,-200,-200,-200,,,,-200,-200,-200,-200,-101,-84
?,8/12/2016 11:03,-200,-200,-200,-200,-200,,-200,-200,-200,-200,-200,-200,-80
?,8/12/2016 11:03,-200,-200,-200,-200,,,,-200,-200,-200,-200,-200,-81
?,8/12/2016 11:04,-200,-200,-200,-200,,,,-200,-200,-200,-200,-200,-81
?,8/12/2016 11:04,-200,-200,,,-200,-200,-200,-200,-200,-200,-200,-99,-79
?,8/12/2016 11:04,-200,-200,-200,,,,-200,-200,-200,-200,-200,-101,-83
?,8/12/2016 11:04,-200,-200,-200,,,,,-200,-200,-200,-200,-101,-78
?,8/12/2016 11:04,-200,-200,,-200,-200,,,-200,-200,-200,-200,-95,-81
?,8/12/2016 11:04,-200,-200,-200,-200,-200,,,-200,-200,-200,-200,-96,-86
?,8/12/2016 11:04,-200,-200,-200,-200,,,,-200,-200,-200,-200,-200,-88
?,8/12/2016 11:04,-200,-200,-200,-200,,,,-200,-200,-200,-200,-91,-99
?,8/12/2016 11:04,-200,-200,-200,-200,,,,-200,-200,-200,-200,-90,-86
?,8/12/2016 11:04,-200,-200,-200,-200,,,,-200,-200,-200,-200,-96,-90
?,8/12/2016 11:04,-200,-200,-200,-200,,,-200,-200,-200,-104,-200,-91,-100
?,8/12/2016 11:04,-200,-200,-200,-200,-200,-200,,-200,-200,-200,-200,-92,-91
?,8/12/2016 11:04,-200,-200,-200,,,,-200,-200,-200,-200,-200,-98,-94
?,8/12/2016 11:04,-200,-200,-200,-200,,,,-200,-200,-200,-99,-89,-90
?,8/12/2016 11:04,-200,-200,-200,-200,,-200,,-200,-200,-200,-200,-85,-200
?,8/12/2016 11:04,-200,-200,,-200,-200,-200,-200,-200,-200,-200,-200,-88,-95
?,8/12/2016 11:04,-200,-200,-200,,,,,-200,-101,-103,-200,-80,-96
?,8/12/2016 11:04,-200,-200,-200,-200,,,,-200,-200,-98,-200,-74,-200
?,8/12/2016 11:04,-200,-200,-200,,,,,-106,-200,-200,-93,-80,-200
?,8/12/2016 11:04,-200,-200,-200,-200,,,-200,-200,-200,-104,-90,-83,-200
?,8/12/2016 11:04,-200,-200,-200,-200,,,,-200,-200,-97,-94,-200,-200
?,8/12/2016 11:04,-200,-200,,,-200,,,-200,-200,-101,-99,-84,-200
?,8/12/2016 11:04,-200,-200,-200,-200,,,-200,-200,-99,-200,-90,-87,-200
?,8/12/2016 11:04,-200,-200,-200,,,,,-200,-94,-200,-95,-97,-200
?,8/12/2016 11:04,-200,-200,-200,-200,,,,-200,-93,-200,-200,-200,-200
?,8/12/2016 11:04,-200,-200,-200,-200,,,,-95,-97,-97,-91,-99,-200
?,8/12/2016 11:04,-200,-200,,-200,,,-200,-200,-97,-200,-75,-200,-200
?,8/12/2016 11:04,-200,-200,-200,-200,,-200,-200,-200,-96,-95,-87,-95,-200
?,8/12/2016 11:04,-200,-102,,,-200,,-200,-200,-200,-91,-78,-97,-200
?,8/12/2016 11:04,-200,-200,,-200,-200,,-200,-104,-200,-92,-84,-200,-200
?,8/12/2016 11:04,-200,-200,-200,,,,,-200,-200,-85,-91,-93,-200
?,8/12/2016 11:04,-200,-200,,-200,-200,,-200,-200,-95,-97,-84,-200,-200
?,8/12/2016 11:04,-200,-200,-200,,,-200,,-91,-200,-200,-200,-200,-200
?,8/12/2016 11:04,-200,-200,-200,-200,-200,,-200,-98,-95,-83,-92,-101,-200
?,8/12/2016 11:04,-200,-200,-200,-200,,-200,-200,-102,-200,-79,-95,-200,-100
?,8/12/2016 11:04,-200,-200,-200,,,,-200,-97,-200,-78,-94,-200,-200
?,8/12/2016 11:04,-200,-200,-200,-200,-200,,,-95,-94,-74,-200,-200,-200
?,8/12/2016 11:04,-200,-99,-200,-200,,,-200,-94,-92,-79,-96,-91,-200
?,8/12/2016 11:04,-200,-200,-200,-200,-200,,-200,-200,-96,-82,-97,-200,-200
?,8/12/2016 11:04,-200,-200,-200,-200,,,,-87,-90,-84,-200,-200,-200
?,8/12/2016 11:04,-200,-200,-200,-200,,,,-200,-90,-80,-92,-200,-200
?,8/12/2016 11:04,-200,-200,,,,,,-103,-101,-84,-95,-200,-200
?,8/12/2016 11:04,-200,-200,-200,-200,,,,-200,-200,-88,-102,-200,-200
?,8/12/2016 11:04,-200,-200,-200,-200,-200,,,-200,-94,-88,-200,-200,-200
?,8/12/2016 11:04,-200,-200,-200,-200,,,,-200,-200,-96,-101,-200,-200
?,8/12/2016 11:04,-200,-200,-200,-200,-200,,-200,-102,-91,-200,-200,-200,-200
?,8/12/2016 11:04,-200,-200,,-200,-200,-200,,-200,-88,-200,-200,-200,-200
?,8/12/2016 11:04,-200,-200,,-200,-200,,,-200,-78,-200,-200,-200,-200
?,8/12/2016 11:04,-200,-200,-200,-200,-200,-200,,-200,-89,-94,-200,-200,-200
?,8/12/2016 11:05,-200,-200,-200,-200,-200,-200,,-200,-200,-102,-200,-200,-200
?,8/12/2016 11:05,-98,-200,,-200,-200,,,-200,-200,-200,-103,-200,-200
?,8/12/2016 11:05,-99,-200,-200,,,-200,-200,-200,-200,-200,-200,-200,-200
?,8/12/2016 11:05,-200,-200,,-200,-200,-200,-200,-200,-200,-200,-104,-200,-200
?,8/12/2016 11:05,-200,-200,-200,-200,,-200,-200,-200,-67,-200,-200,-200,-200
?,8/12/2016 11:05,-200,-200,,-200,-200,,,-200,-67,-103,-200,-200,-200
?,8/12/2016 11:05,-200,-200,-200,-200,,,,-200,-73,-200,-200,-200,-200
?,8/12/2016 11:05,-200,-200,,-200,-200,,,-200,-82,-101,-200,-200,-200
?,8/12/2016 11:05,-200,-200,-200,-200,,,,-200,-91,-200,-200,-200,-200
?,8/12/2016 11:05,-200,-200,-200,-200,,,,-200,-86,-200,-200,-200,-200
?,8/12/2016 11:05,-200,-200,-200,-200,-200,,,-200,-77,-104,-200,-200,-200
?,8/12/2016 11:05,-200,-200,-200,-200,,-200,,-200,-81,-200,-106,-200,-200
?,8/12/2016 11:05,,-200,-200,-200,,,,-200,-74,-200,-200,-200,-200
?,8/12/2016 11:05,-200,-200,-200,-200,,,,-200,-78,-200,-200,-200,-200
?,8/12/2016 11:05,-200,-200,-200,-200,-200,,,-200,-200,-200,-97,-200,-200
?,8/12/2016 11:05,-200,-200,-200,-200,,-200,,-200,-81,-90,-95,-200,-200
?,8/12/2016 11:05,-200,-200,,-200,-200,-200,,-200,-81,-95,-200,-200,-200
?,8/12/2016 11:05,-200,-200,-200,-200,,-200,,-200,-200,-200,-96,-106,-200
?,8/12/2016 11:05,-200,-200,-200,-200,,,,-200,-200,-94,-200,-200,-98
?,8/12/2016 11:05,-200,-200,,-200,-200,-200,-200,-200,-200,-200,-92,-200,-200
?,8/12/2016 11:05,-200,-200,-200,-200,-200,,-200,-200,-200,-95,-200,-200,-200
?,8/12/2016 11:05,-200,-200,-200,-200,,-200,-200,-200,-200,-200,-200,-200,-98
?,8/12/2016 11:05,-200,-200,-200,-200,-200,-200,,-200,-200,-91,-101,-200,-200
?,8/12/2016 11:05,-200,-200,,-200,-200,,,-200,-200,-200,-200,-200,-99
?,8/12/2016 11:05,-200,-200,,-200,-200,-200,-200,-200,-200,-97,-100,-200,-200
?,8/12/2016 11:05,-200,-200,,-200,-200,-200,-200,-200,-90,-103,-200,-200,-200
?,8/12/2016 11:05,-200,-200,-200,,,-200,-200,-200,-90,-97,-200,-200,-200
?,8/12/2016 11:05,-102,-200,-200,,,,,-200,-78,-200,-200,-200,-200
?,8/12/2016 11:05,-200,-200,-200,-200,-200,-200,,-200,-75,-200,-200,-200,-200
?,8/12/2016 11:05,-200,-200,,,-200,-200,,-200,-78,-200,-200,-200,-200
?,8/12/2016 11:05,-200,-200,-200,-200,,,-200,-200,-78,-200,-104,-200,-200
?,8/12/2016 11:05,-101,-200,-200,,,,,-200,-90,-200,-94,-200,-200
?,8/12/2016 11:05,-95,-200,,-200,-200,,,-200,-73,-200,-200,-200,-200
?,8/12/2016 11:05,-200,-200,-200,,,,-200,-200,-74,-200,-200,-200,-200
?,8/12/2016 11:05,-200,-200,-200,,,,,-200,-71,-91,-200,-98,-99
?,8/12/2016 11:05,-97,-200,-200,,,,,-200,-76,-200,-96,-98,-100
?,8/12/2016 11:05,-200,-200,-200,-200,-200,-200,,-200,-69,-95,-200,-200,-200
?,8/12/2016 11:05,-200,-200,,,-200,,,-200,-86,-200,-200,-200,-200
?,8/12/2016 11:05,-99,-200,,-200,-200,,-200,-200,-85,-200,-200,-200,-200
?,8/12/2016 11:05,-200,-200,-200,,,,,-200,-89,-200,-200,-200,-200
?,8/12/2016 11:05,-101,-200,,-200,,,,-200,-86,-200,-200,-200,-200
?,8/12/2016 11:05,-95,-200,,-200,-200,,-200,-200,-98,-200,-200,-200,-200
?,8/12/2016 11:05,-90,-200,-200,,,,,-200,-200,-200,-200,-200,-200
?,8/12/2016 11:05,-84,-200,-200,-200,,,,-103,-90,-200,-200,-200,-200
?,8/12/2016 11:06,-200,-200,-200,-200,,-200,,-98,-104,-200,-200,-200,-200
?,8/12/2016 11:06,-79,-200,-200,-200,,,-200,-200,-200,-200,-200,-200,-200
?,8/12/2016 11:06,-82,-104,-200,-200,,,,-105,-200,-200,-200,-200,-200
?,8/12/2016 11:06,-78,-200,-200,-200,,-200,-200,-100,-200,-200,-200,-200,-200
?,8/12/2016 11:06,-200,-200,-200,-200,,,-200,-102,-200,-200,-200,-200,-200
?,8/12/2016 11:06,-200,-99,,,,,,-86,-200,-200,-200,-200,-200
?,8/12/2016 11:06,-86,-103,-200,-104,,,,-91,-200,-200,-200,-200,-200
?,8/12/2016 11:06,-200,-97,-103,-200,,,-200,-86,-200,-101,-200,-200,-200
?,8/12/2016 11:06,-200,-104,,-200,,,-200,-90,-200,-96,-200,-200,-200
?,8/12/2016 11:06,-101,-200,-200,-200,-200,,,-200,-200,-200,-200,-200,-200
?,8/12/2016 11:06,-100,-84,,-200,,-200,-200,-200,-200,-200,-200,-200,-200
?,8/12/2016 11:06,-200,-83,-200,-200,,-200,,-200,-200,-200,-200,-200,-200
?,8/12/2016 11:06,-200,-86,,-200,,,-200,-97,-200,-200,-200,-200,-200
?,8/12/2016 11:06,-200,-79,-101,-200,,,,-94,-200,-200,-200,-200,-200
?,8/12/2016 11:06,-200,-81,-92,,,,,-98,-200,-200,-200,-200,-200
?,8/12/2016 11:06,-200,-81,-200,,,-200,,-95,-200,-200,-200,-200,-200
?,8/12/2016 11:06,-200,-78,-200,,,,,-200,-200,-200,-200,-200,-200
?,8/12/2016 11:06,-200,-89,-200,-200,-200,-200,-200,-200,-200,-200,-200,-200,-200
?,8/12/2016 11:06,-200,-81,,,-200,,-200,-200,-200,-200,-200,-200,-200
?,8/12/2016 11:06,-200,-200,-200,,,,-200,-100,-200,-200,-200,-200,-200
?,8/12/2016 11:06,-200,-81,,-200,,,,-200,-200,-200,-200,-200,-200
?,8/12/2016 11:06,-200,-81,-95,-200,,,-200,-104,-200,-200,-200,-200,-200
?,8/12/2016 11:06,-200,-81,-200,-106,,,-200,-106,-200,-200,-200,-200,-200
?,8/12/2016 11:06,-200,-83,-200,,,,,-99,-200,-200,-200,-200,-200
?,8/12/2016 11:06,-200,-75,-200,-200,,,-200,-200,-200,-200,-200,-200,-200
?,8/12/2016 11:06,-200,-73,-91,-101,,,,-200,-200,-200,-200,-200,-200
?,8/12/2016 11:06,-200,-76,,-200,,,-200,-200,-200,-200,-200,-200,-200
?,8/12/2016 11:06,-200,-81,-90,,,,-200,-200,-200,-200,-200,-200,-200
?,8/12/2016 11:06,-200,-80,,-200,-200,,,-200,-200,-200,-200,-200,-200
?,8/12/2016 11:06,-200,-78,-100,-200,,,,-200,-200,-200,-200,-200,-200
?,8/12/2016 11:06,-200,-77,,-200,-200,,,-200,-200,-200,-200,-200,-200
?,8/12/2016 11:06,-200,-200,-90,-200,-200,,-200,-200,-200,-200,-200,-200,-200
?,8/12/2016 11:06,-200,-79,-90,-200,,,,-100,-200,-200,-200,-200,-200
?,8/12/2016 11:06,-200,,-92,-101,,-200,,-200,-200,-200,-200,-200,-200
?,8/12/2016 11:06,-200,-78,-100,-99,,,,-108,-200,-200,-200,-200,-200
?,8/12/2016 11:06,-200,-80,-200,-200,,-200,,-200,-200,-200,-200,-200,-200
?,8/12/2016 11:06,-200,-81,-90,,-200,-200,,-98,-200,-200,-200,-200,-200
?,8/12/2016 11:06,-200,-82,,-200,-200,,,-200,-200,-200,-200,-200,-200
?,8/12/2016 11:06,-200,-76,-200,,,-104,,-200,-200,-200,-200,-200,-200
?,8/12/2016 11:06,-200,-76,-90,,,,,-200,-200,-200,-200,-200,-200
?,8/12/2016 11:06,-200,-77,-91,-200,,-102,,-200,-200,-200,-200,-200,-200
?,8/12/2016 11:06,-200,-81,-91,-200,,,,-104,-200,-200,-200,-200,-200
?,8/12/2016 11:06,-200,-81,,,,,,-103,-200,-200,-200,-200,-200
?,8/12/2016 11:06,-200,-82,-100,-102,,,-200,-200,-200,-200,-200,-200,-200
?,8/12/2016 11:06,-200,-82,-90,-200,-200,,-200,-98,-200,-200,-200,-200,-200
?,8/12/2016 11:06,-200,-81,-200,-200,,,-200,-200,-200,-200,-200,-200,-200
?,8/12/2016 11:06,-200,-76,-94,-200,,-102,,-200,-200,-200,-200,-200,-200
?,8/12/2016 11:06,-200,-77,-89,-98,,-98,,-200,-200,-200,-200,-200,-200
?,8/12/2016 11:06,-200,-81,,-102,,,,-200,-200,-200,-200,-200,-200
?,8/12/2016 11:06,-200,-81,,-200,,,,-200,-200,-200,-200,-200,-200
?,8/12/2016 11:07,-200,-77,-91,-98,,,,-200,-200,-200,-200,-200,-200
?,8/12/2016 11:07,-200,-81,-89,-101,-200,,,-200,-200,-200,-200,-200,-200
?,8/12/2016 11:07,-200,-79,-91,-200,,,,-102,-200,-200,-200,-200,-200
?,8/12/2016 11:07,-200,-73,-200,-200,,,-200,-200,-200,-200,-200,-200,-200
?,8/12/2016 11:07,-200,-79,-107,,,,,-200,-200,-200,-200,-200,-200
?,8/12/2016 11:07,-200,-77,-200,-97,,-200,,-200,-200,-200,-200,-200,-200
?,8/12/2016 11:07,-200,-79,-91,,,,-200,-98,-200,-200,-200,-200,-200
?,8/12/2016 11:07,-200,-200,-200,,,-200,,-200,-200,-200,-200,-200,-200
?,8/12/2016 11:07,-200,-77,-200,-200,,,,-104,-200,-200,-200,-200,-200
?,8/12/2016 11:07,-200,-81,,-102,,,,-99,-200,-200,-200,-200,-200
?,8/12/2016 11:07,-200,-79,-91,-103,-200,,-200,-99,-200,-200,-200,-200,-200
?,8/12/2016 11:07,-200,-76,-200,-200,,,-200,-96,-200,-200,-200,-200,-200
?,8/12/2016 11:07,-200,-77,-97,-200,,,-200,-200,-200,-200,-200,-200,-200
?,8/12/2016 11:07,-200,-79,-99,-104,,,-200,-200,-200,-200,-200,-200,-200
?,8/12/2016 11:07,-200,-78,-96,-200,,-200,,-101,-200,-200,-200,-200,-200
?,8/12/2016 11:07,-200,-77,-200,-102,,-104,,-105,-200,-106,-200,-200,-200
?,8/12/2016 11:07,-200,-78,-95,-200,,,,-103,-200,-200,-200,-200,-200
?,8/12/2016 11:07,-200,-76,-96,-106,,,,-95,-200,-200,-200,-200,-200
?,8/12/2016 11:07,-200,-76,-100,-200,,-200,-200,-97,-200,-200,-200,-200,-200
?,8/12/2016 11:07,-200,-76,-200,,,,-200,-97,-200,-200,-200,-200,-200
?,8/12/2016 11:07,-200,-75,-99,-200,,,-200,-200,-200,-200,-200,-200,-200
?,8/12/2016 11:07,-200,-78,-98,,,,-200,-200,-200,-200,-200,-200,-200
?,8/12/2016 11:07,-200,-76,-100,-99,-200,,,-200,-200,-200,-200,-200,-200
?,8/12/2016 11:07,-200,-81,,-200,,-200,,-96,-200,-200,-200,-200,-200
?,8/12/2016 11:07,-200,-78,,,,-102,-200,-200,-200,-200,-200,-200,-200
?,8/12/2016 11:07,-200,-81,,-200,,,-200,-97,-200,-200,-200,-200,-200
?,8/12/2016 11:07,-200,-82,-200,,,,,-96,-200,-200,-200,-200,-200
?,8/12/2016 11:07,-200,-81,,,,-200,-200,-94,-200,-200,-200,-200,-200
?,8/12/2016 11:07,-200,-77,-98,-200,,-200,,-200,-200,-105,-200,-200,-200
?,8/12/2016 11:07,-200,-77,-97,,,-200,,-102,-200,-103,-200,-200,-200
?,8/12/2016 11:07,-200,-75,-200,-104,,-200,-200,-200,-200,-200,-200,-200,-200
?,8/12/2016 11:07,-200,-74,-200,-200,-200,-200,,-200,-200,-200,-200,-200,-200
?,8/12/2016 11:07,-200,-76,-92,-99,,,,-94,-200,-200,-200,-200,-200
?,8/12/2016 11:07,-200,-79,-200,,,-200,,-99,-200,-200,-200,-200,-200
?,8/12/2016 11:07,-200,-77,-100,-200,,,,-200,-200,-200,-200,-200,-200
?,8/12/2016 11:07,-200,-80,-200,-200,,,,-100,-200,-200,-200,-200,-200
?,8/12/2016 11:07,-200,-73,-200,-200,,,,-200,-200,-200,-200,-200,-200
?,8/12/2016 11:07,-200,-80,-200,-200,,,-200,-96,-200,-200,-200,-200,-200
?,8/12/2016 11:07,-200,-77,-200,-200,,,-200,-200,-200,-200,-200,-200,-200
?,8/12/2016 11:07,-200,-78,,-200,-200,,,-200,-200,-200,-200,-200,-200
?,8/12/2016 11:07,-200,-76,-200,,,,-200,-200,-200,-200,-200,-200,-200
?,8/12/2016 11:07,-200,-76,-200,-200,-200,,-200,-200,-200,-200,-200,-200,-200
?,8/12/2016 11:07,-200,-79,,,,,,-102,-200,-200,-200,-200,-200
?,8/12/2016 11:07,-200,-76,-104,-200,,,-200,-200,-200,-200,-200,-200,-200
?,8/12/2016 11:07,-200,-75,,,,-200,-200,-200,-200,-200,-109,-200,-200
?,8/12/2016 11:07,-200,-77,-200,-200,,,,-200,-200,-200,-200,-200,-200
?,8/12/2016 11:07,-200,-70,-96,-200,,,-200,-95,-200,-200,-200,-200,-200
?,8/12/2016 11:07,-200,-87,,,-200,,,-200,-200,-200,-200,-200,-200
?,8/12/2016 11:07,-200,-78,-200,-200,,,-200,-200,-200,-200,-200,-200,-200
?,8/12/2016 11:08,-200,-80,-91,,,-200,,-200,-200,-200,-200,-200,-200
?,8/12/2016 11:08,-200,-79,-90,-97,,,,-90,-200,-200,-200,-200,-200
?,8/12/2016 11:08,-200,-81,-90,,-200,,,-97,-200,-200,-200,-200,-200
?,8/12/2016 11:08,-200,-79,-200,,,-200,,-200,-200,-200,-200,-200,-200
?,8/12/2016 11:08,-200,-81,-200,-98,,,,-200,-200,-200,-200,-200,-200
?,8/12/2016 11:08,-200,-76,-89,,,,-200,-200,-200,-105,-200,-200,-200
?,8/12/2016 11:08,-200,-200,-97,-200,,,-200,-96,-200,-200,-200,-200,-200
?,8/12/2016 11:08,-200,-91,,-103,,,-200,-91,-200,-200,-200,-200,-200
?,8/12/2016 11:08,-200,-90,,-200,,-87,-200,-92,-200,-200,-200,-200,-200
?,8/12/2016 11:08,-200,-90,-103,-104,,-84,,-90,-200,-200,-103,-200,-200
?,8/12/2016 11:08,-200,-200,-200,-200,,,-97,-200,-200,-200,-200,-200,-200
?,8/12/2016 11:08,-200,-98,-200,,,-91,,-83,-200,-93,-200,-200,-200
?,8/12/2016 11:08,-102,-94,,-200,,-94,-102,-83,-200,-200,-200,-200,-200
?,8/12/2016 11:08,-92,-105,-200,-200,,-107,,-78,-200,-98,-101,-200,-200
?,8/12/2016 11:08,-200,-101,-200,,,-200,,-83,-200,-200,-200,-200,-200
?,8/12/2016 11:08,-200,-106,-200,-200,,,,-76,-200,-89,-104,-200,-200
?,8/12/2016 11:08,-104,-200,,-200,,,-200,-81,-200,-91,-105,-200,-200
?,8/12/2016 11:08,-200,-200,-200,,,,,-81,-200,-97,-200,-200,-200
?,8/12/2016 11:08,-200,-200,-200,-200,,,,-89,-200,-91,-104,-200,-200
?,8/12/2016 11:08,-200,-101,-200,,,,,-86,-200,-200,-200,-200,-200
?,8/12/2016 11:08,-200,-200,-200,-200,,,,-90,-200,-92,-93,-200,-200
?,8/12/2016 11:08,-200,-200,-200,-200,-200,,,-92,-200,-82,-92,-200,-200
?,8/12/2016 11:08,-200,-103,-200,-200,,,-200,-200,-101,-81,-88,-200,-200
?,8/12/2016 11:08,-200,-101,,-200,,,-200,-91,-102,-200,-87,-200,-200
?,8/12/2016 11:08,-200,-200,-200,-200,,,,-200,-104,-103,-91,-200,-200
?,8/12/2016 11:08,-200,-200,-200,-200,,,,-107,-200,-200,-85,-104,-200
?,8/12/2016 11:08,-200,-200,-200,,,,-200,-200,-97,-88,-92,-101,-107
?,8/12/2016 11:08,-200,-200,,-200,,,,-101,-200,-88,-82,-200,-200
?,8/12/2016 11:08,-200,-200,-200,-200,,-200,,-200,-200,-200,-81,-98,-200
?,8/12/2016 11:08,-200,-200,,-200,-200,,,-103,-200,-94,-76,-98,-91
?,8/12/2016 11:08,-200,-200,-200,-200,,,,-200,-200,-100,-86,-99,-99
?,8/12/2016 11:08,-200,-200,-200,,,,-200,-200,-200,-200,-91,-95,-111
?,8/12/2016 11:08,-200,-200,-200,,,-200,,-98,-200,-200,-200,-94,-200
?,8/12/2016 11:08,-200,-200,-200,-200,,,-200,-97,-200,-200,-103,-92,-97
?,8/12/2016 11:08,-200,-200,-200,-200,,,,-200,-200,-200,-99,-89,-96
?,8/12/2016 11:08,-200,-200,-200,-200,,,,-103,-200,-200,-97,-98,-92
?,8/12/2016 11:08,-200,-200,,-200,-200,,-200,-100,-200,-103,-200,-79,-90
?,8/12/2016 11:08,-200,-200,,-200,-200,,,-200,-200,-200,-200,-86,-97
?,8/12/2016 11:08,-200,-200,-200,,,,,-200,-200,-103,-200,-90,-105
?,8/12/2016 11:08,-200,-200,-200,,,,,-200,-200,-200,-200,-200,-91
?,8/12/2016 11:08,-200,-200,-200,-200,,,-200,-200,-200,-200,-200,-200,-90
?,8/12/2016 11:08,-200,-200,,,-200,-200,,-200,-200,-200,-200,-200,-99
?,8/12/2016 11:08,-200,-200,-200,,,-200,-200,-200,-200,-200,-200,-200,-85
?,8/12/2016 11:08,-200,-200,-200,,,-200,-200,-200,-200,-200,-200,-99,-81
?,8/12/2016 11:08,-200,-200,,-200,-200,,-200,-200,-200,-200,-200,-99,-200
?,8/12/2016 11:08,-200,-200,-200,-200,,,,-200,-200,-200,-200,-101,-79
?,8/12/2016 11:08,-200,-200,-200,-200,,-200,-200,-200,-200,-200,-200,-200,-82
?,8/12/2016 11:09,-200,-200,-200,-200,,,,-200,-200,-200,-200,-97,-79
?,8/12/2016 11:09,-200,-200,-200,-200,,,,-200,-200,-200,-200,-200,-89
?,8/12/2016 11:09,-200,-200,-200,,,,-200,-200,-200,-200,-200,-200,-107
?,8/12/2016 11:09,-200,-200,-200,,,-200,,-200,-200,-200,-200,-200,-98
?,8/12/2016 11:09,-200,-200,-200,-200,-200,,-200,-200,-200,-200,-200,-200,-101
?,8/12/2016 11:11,-200,-200,-200,-200,,-96,-99,-200,-200,-200,-200,-200,-200
?,8/12/2016 11:11,-200,-200,-200,,,,-200,-200,-200,-200,-200,-200,-200
?,8/12/2016 11:11,-200,-200,-200,-100,,,-98,-200,-200,-200,-200,-200,-200
?,8/12/2016 11:11,-102,-200,-200,-107,-200,-102,,-200,-200,-200,-200,-200,-200
?,8/12/2016 11:11,-103,-200,-200,-200,-200,,-85,-100,-200,-200,-200,-200,-200
?,8/12/2016 11:11,-105,-200,-200,-200,,,-92,-101,-200,-200,-200,-200,-200
?,8/12/2016 11:11,-200,-200,,-200,-200,,,-200,-200,-200,-200,-200,-200
?,8/12/2016 11:11,-200,-200,,-200,,,-93,-200,-200,-200,-200,-200,-200
?,8/12/2016 11:11,-200,-102,-106,-85,,,,-106,-200,-200,-200,-200,-200
?,8/12/2016 11:11,-104,-104,-107,-91,,,,-200,-200,-200,-200,-200,-200
?,8/12/2016 11:11,-200,-200,-200,,,,-86,-200,-200,-200,-200,-200,-200
?,8/12/2016 11:11,-200,-200,-200,-93,,-90,-84,-200,-200,-200,-200,-200,-200
?,8/12/2016 11:11,-104,-97,-200,,,,,-103,-200,-200,-106,-200,-200
?,8/12/2016 11:11,-102,-106,-200,-100,,,,-200,-200,-200,-200,-200,-200
?,8/12/2016 11:11,-200,-103,-200,-104,,,,-97,-200,-200,-200,-200,-200
?,8/12/2016 11:11,-200,-99,,,,,,-99,-200,-200,-200,-200,-200
?,8/12/2016 11:11,-200,-200,-200,-200,,,-95,-200,-200,-200,-200,-200,-200
?,8/12/2016 11:11,-200,-97,,-200,-200,,,-90,-200,-200,-200,-200,-200
?,8/12/2016 11:11,-200,-200,,,-200,,,-200,-200,-103,-200,-200,-200
?,8/12/2016 11:11,-200,-200,,,,,,-91,-200,-200,-200,-200,-200
?,8/12/2016 11:11,-200,-200,-90,-98,,,,-84,-200,-200,-200,-200,-200
?,8/12/2016 11:11,-200,-101,-98,-200,,-76,,-86,-200,-200,-200,-200,-200
?,8/12/2016 11:11,-104,-200,-98,,,,-200,-200,-200,-200,-200,-200,-200
?,8/12/2016 11:11,-200,-200,-200,-200,,,,-84,-200,-200,-101,-200,-200
?,8/12/2016 11:11,-200,-92,-99,-200,,,,-87,-200,-102,-101,-200,-200
?,8/12/2016 11:11,-200,-100,-96,-200,,,-200,-91,-200,-200,-200,-200,-200
?,8/12/2016 11:11,-90,-90,-200,,,,,-200,-200,-200,-200,-200,-200
?,8/12/2016 11:11,-200,-200,-200,-200,,,-200,-89,-200,-200,-200,-200,-200
?,8/12/2016 11:12,-200,-200,-92,-97,-200,-92,,-200,-200,-101,-200,-200,-200
?,8/12/2016 11:12,-92,-97,,,,-78,-200,-200,-200,-200,-200,-200,-200
?,8/12/2016 11:12,-104,-200,-94,-98,-200,-77,-96,-200,-200,-200,-200,-200,-200
?,8/12/2016 11:12,-200,-200,-84,,,-200,-100,-200,-200,-200,-200,-200,-200
?,8/12/2016 11:12,-200,-104,,,,,,-95,-200,-200,-200,-200,-200
?,8/12/2016 11:12,-200,-200,-91,-105,,,,-95,-200,-200,-200,-200,-200
?,8/12/2016 11:12,-200,-200,-200,-98,,-72,,-98,-200,-200,-200,-200,-200
?,8/12/2016 11:12,-200,-200,-92,-97,,,,-200,-200,-200,-200,-200,-200
?,8/12/2016 11:12,-200,-103,-100,-103,,-91,,-105,-200,-200,-200,-200,-200
?,8/12/2016 11:12,-200,-200,-102,-91,,,-86,-99,-200,-200,-200,-200,-200
?,8/12/2016 11:12,-200,-200,-200,,,,,-101,-200,-200,-200,-200,-200
?,8/12/2016 11:12,-200,-200,,-200,,,-200,-200,-200,-200,-200,-200,-200
?,8/12/2016 11:12,-200,-100,-200,-200,,,,-200,-200,-200,-200,-200,-200
?,8/12/2016 11:12,-200,-200,-200,-200,-200,,-86,-200,-200,-200,-200,-200,-200
?,8/12/2016 11:12,-200,-200,,-90,-200,,,-200,-200,-200,-200,-200,-200
?,8/12/2016 11:12,-200,-200,-100,-94,,,,-200,-200,-200,-200,-200,-200
?,8/12/2016 11:12,-200,-200,-200,,,,-88,-200,-200,-200,-200,-200,-200
?,8/12/2016 11:12,-200,-200,,-96,-200,,-86,-200,-200,-200,-200,-200,-200
?,8/12/2016 11:12,-200,-200,-200,-200,,,,-200,-200,-200,-200,-200,-200
?,8/12/2016 11:12,-200,-200,-200,,,,-200,-200,-200,-200,-200,-200,-200
?,8/12/2016 11:12,-200,-200,-200,,,,-102,-200,-200,-200,-200,-200,-200
?,8/12/2016 11:12,-200,-200,-200,,,,-200,-200,-200,-200,-200,-200,-99
?,8/12/2016 11:12,-200,-200,-200,-200,,,,-200,-200,-200,-200,-200,-100
?,8/12/2016 11:13,-200,-200,,-200,-200,,,-200,-200,-200,-200,-200,-106
?,8/12/2016 11:13,-200,-200,,-200,-200,,-200,-200,-200,-200,-200,-200,-103
?,8/12/2016 11:13,-200,-200,-200,-200,,-200,,-200,-200,-200,-200,-200,-104
?,8/12/2016 11:13,-200,-200,-200,-200,,,,-200,-200,-200,-200,-200,-102
?,8/12/2016 11:13,-200,-200,-200,-200,,-200,-200,-200,-200,-200,-200,-200,-102
?,8/12/2016 11:13,-200,-200,-200,,,,,-200,-200,-200,-200,-200,-97
?,8/12/2016 11:13,-200,-200,-200,,,,-200,-200,-200,-200,-200,-200,-100
?,8/12/2016 11:13,-200,-200,-200,,,,,-200,-200,-200,-200,-200,-87
?,8/12/2016 11:13,-200,-200,,-200,-200,,,-200,-200,-200,-200,-96,-200
?,7-28-2016 14:14:46,-81,-200,,-200,-200,-200,-200,-200,-200,-200,-200,-200,-200
?,7-28-2016 14:14:47,-81,-200,-200,,,,,-200,-200,-200,-200,-200,-200
?,7-28-2016 14:14:48,-81,-200,-200,,,-200,,-200,-200,-200,-200,-200,-200
?,7-28-2016 14:14:49,-81,-200,-200,-200,,-200,,-200,-200,-200,-200,-200,-200
?,7-28-2016 14:14:50,-81,-200,,-200,-200,,,-200,-200,-200,-200,-200,-200
?,7-28-2016 14:14:51,-77,-200,,-200,-200,,,-200,-200,-200,-200,-200,-200
?,7-28-2016 14:14:52,-78,-200,-200,,,,,-200,-200,-200,-200,-200,-200
?,7-28-2016 14:14:53,-72,-200,-200,-200,,-200,,-200,-200,-200,-200,-200,-200
?,7-28-2016 14:14:54,-77,-200,-200,-200,,,-200,-79,-200,-200,-200,-200,-200
?,7-28-2016 14:14:55,-77,-200,,-200,-200,,-200,-88,-200,-200,-200,-200,-200
?,7-28-2016 14:14:56,-70,-200,-200,-200,,,,-83,-200,-200,-200,-200,-200
?,7-28-2016 14:14:57,-76,-200,-200,-200,,,,-83,-200,-200,-200,-200,-200
?,7-28-2016 14:14:58,-75,-200,-200,-200,,-200,,-83,-200,-200,-200,-200,-200
?,7-28-2016 14:14:59,-74,-200,-200,,,,,-83,-200,-200,-200,-200,-200
?,7-28-2016 14:15:00,-72,-200,-200,,,-200,,-200,-200,-200,-200,-200,-200
?,7-28-2016 14:15:01,-78,-200,-200,-200,,-200,-200,-200,-200,-200,-200,-200,-200
?,7-28-2016 14:15:02,-78,-200,,-200,,,,-200,-200,-200,-200,-200,-200
?,7-28-2016 14:15:03,-81,-200,-200,-200,,-200,-200,-200,-200,-200,-200,-200,-200
?,7-28-2016 14:15:05,-77,-200,-200,-200,,-200,-200,-200,-200,-200,-200,-200,-200
?,7-28-2016 14:15:06,-77,-200,,,,,-200,-200,-200,-200,-200,-200,-200
?,7-28-2016 14:15:07,-81,-200,-200,,,,,-79,-200,-200,-200,-200,-200
?,7-28-2016 14:15:08,-79,-200,-81,-200,,,,-78,-200,-200,-200,-200,-200
?,7-28-2016 14:15:11,-79,-200,-81,,,,,-81,-200,-200,-200,-200,-200
?,7-28-2016 14:15:12,-200,-78,,,,-79,,-81,-200,-200,-200,-200,-200
?,7-28-2016 14:15:13,-200,-81,-81,-200,,,,-81,-200,-200,-200,-200,-200
?,7-28-2016 14:15:14,-200,-79,-200,-200,,,,-81,-200,-200,-200,-200,-200
?,7-28-2016 14:15:15,-200,-79,-200,-200,,,-200,-200,-200,-200,-200,-200,-200
?,7-28-2016 14:15:16,-200,-79,-200,-200,,-75,,-200,-200,-200,-200,-200,-200
?,7-28-2016 14:15:17,-200,-79,-200,-200,,,-81,-200,-200,-200,-200,-200,-200
?,7-28-2016 14:15:18,-88,-200,-200,-87,,-81,,-200,-200,-200,-200,-200,-200
?,7-28-2016 14:15:19,-81,-200,-200,,,-82,-80,-200,-200,-200,-200,-200,-200
?,7-28-2016 14:15:20,-82,-200,-200,-86,,,-80,-200,-200,-200,-200,-200,-200
?,7-28-2016 14:15:21,-82,-200,-200,-86,,,,-200,-200,-200,-200,-200,-200
?,7-28-2016 14:15:22,-82,-200,-200,-81,,-78,-80,-200,-200,-200,-200,-200,-200
?,7-28-2016 14:15:23,-82,-200,-200,-81,,,-200,-200,-200,-200,-200,-200,-200
?,7-28-2016 14:15:24,-200,-200,-200,-83,,,,-200,-200,-200,-200,-200,-200
?,7-28-2016 14:15:25,-200,-200,-200,-83,,,-81,-200,-200,-200,-200,-200,-200
?,7-28-2016 14:15:26,-200,-200,-200,,,,-81,-200,-200,-200,-200,-200,-200
?,7-28-2016 14:15:27,-79,-200,-200,-83,,,-81,-83,-200,-200,-200,-200,-200
?,7-28-2016 14:15:28,-79,-200,-200,-200,,,-81,-80,-200,-200,-200,-200,-200
?,7-28-2016 14:15:29,-82,-200,-200,-200,,,,-80,-200,-200,-200,-200,-200
?,7-28-2016 14:15:30,-82,-200,,-200,,,,-80,-200,-200,-200,-200,-200
?,7-28-2016 14:15:31,-82,-200,-200,-200,,,,-80,-200,-200,-200,-200,-200
?,7-28-2016 14:15:32,-82,-200,,-200,,,,-80,-200,-200,-200,-200,-200
?,7-28-2016 14:15:33,-200,-200,-80,-200,,,,-200,-200,-200,-200,-200,-200
?,7-28-2016 14:15:34,-200,-200,-81,,-200,,-200,-200,-200,-200,-200,-200,-200
?,7-28-2016 14:15:35,-200,-200,-81,,-200,,,-200,-200,-200,-200,-200,-200
?,7-28-2016 14:15:36,-200,-200,-81,-71,-200,,-200,-200,-200,-200,-200,-200,-200
?,7-28-2016 14:15:37,-200,-200,-81,-71,-200,-71,-200,-200,-200,-200,-200,-200,-200
?,7-28-2016 14:15:38,-200,-200,-81,,-200,,,-200,-200,-200,-200,-200,-200
?,7-28-2016 14:15:39,-200,-200,-200,,,,,-200,-200,-200,-200,-200,-200
?,7-28-2016 14:15:40,-200,-200,,-73,-200,,-200,-200,-200,-200,-200,-200,-200
?,7-28-2016 14:15:41,-200,-200,-200,-73,-200,,-200,-200,-200,-200,-200,-200,-200
?,7-28-2016 14:15:42,-200,-200,-200,,,-200,,-200,-200,-200,-200,-200,-200
?,7-28-2016 14:15:43,-200,-200,,-70,-200,,,-200,-200,-200,-200,-200,-200
?,7-28-2016 14:15:44,-200,-200,-79,-70,-200,,-200,-200,-200,-200,-200,-200,-200
?,7-28-2016 14:15:45,-200,-200,-80,-71,-200,-200,,-200,-200,-200,-200,-200,-200
?,7-28-2016 14:15:46,-200,-200,,,-200,,,-200,-200,-200,-200,-200,-200
?,7-28-2016 14:15:47,-200,-86,-80,-74,-200,,,-200,-200,-200,-200,-200,-200
?,7-28-2016 14:15:48,-200,-86,-85,-69,-200,-200,,-200,-200,-200,-200,-200,-200
?,7-28-2016 14:15:49,-200,-83,-81,,-200,-200,-200,-200,-200,-200,-200,-200,-200
?,7-28-2016 14:15:50,-200,-83,-81,-68,-200,,,-200,-200,-200,-200,-200,-200
?,7-28-2016 14:15:51,-200,-83,-81,-68,-200,-200,-200,-200,-200,-200,-200,-200,-200
?,7-28-2016 14:15:52,-200,-83,,-68,-200,,-200,-200,-200,-200,-200,-200,-200
?,7-28-2016 14:15:53,-200,-200,,-68,-200,,,-200,-200,-200,-200,-200,-200
?,7-28-2016 14:15:54,-200,-200,,,-200,-200,,-200,-200,-200,-200,-200,-200
?,7-28-2016 14:15:55,-200,-200,-200,,,,,-200,-200,-200,-200,-200,-200
?,7-28-2016 14:15:57,-200,-200,,-70,-200,,,-200,-200,-200,-200,-200,-200
?,7-28-2016 14:15:58,-200,-200,-81,-70,-200,,,-200,-200,-200,-200,-200,-200
?,7-28-2016 14:15:59,-200,-200,,,-200,,-78,-200,-200,-200,-200,-200,-200
?,7-28-2016 14:16:00,-200,-200,-81,-86,-200,-200,,-200,-200,-200,-200,-200,-200
?,7-28-2016 14:16:01,-200,-200,-81,-78,-200,-200,,-200,-200,-200,-200,-200,-200
?,7-28-2016 14:16:02,-200,-200,-200,,,,-72,-200,-200,-200,-200,-200,-200
?,7-28-2016 14:16:03,-200,-200,-200,-78,-200,,,-200,-200,-200,-200,-200,-200
?,7-28-2016 14:16:04,-200,-200,-200,-79,-200,,,-200,-200,-200,-200,-200,-200
?,7-28-2016 14:16:05,-200,-200,-200,,,,-71,-200,-200,-200,-200,-200,-200
?,7-28-2016 14:16:06,-200,-200,-200,,,,,-200,-200,-200,-200,-200,-200
?,7-28-2016 14:16:07,-200,-200,-200,-79,-200,,-76,-200,-200,-200,-200,-200,-200
?,7-28-2016 14:16:08,-200,-200,,-200,-200,,,-200,-200,-200,-200,-200,-200
?,7-28-2016 14:16:09,-200,-200,-200,-200,,-200,,-200,-200,-200,-200,-200,-200
?,7-28-2016 14:16:10,-200,-200,-200,-200,,,-70,-200,-200,-200,-200,-200,-200
?,7-28-2016 14:16:11,-200,-200,-200,-200,-200,,-75,-200,-200,-200,-200,-200,-200
?,7-28-2016 14:16:12,-200,-200,,-79,-200,,,-200,-200,-200,-200,-200,-200
?,7-28-2016 14:16:13,-200,-200,-200,-84,,,,-200,-200,-200,-200,-200,-200
?,7-28-2016 14:16:14,-200,-200,-200,,,,,-200,-200,-200,-200,-200,-200
?,7-28-2016 14:16:15,-200,-200,-200,-79,,,-80,-200,-200,-200,-200,-200,-200
?,7-28-2016 14:16:16,-200,-200,-200,-79,-200,,-72,-200,-200,-200,-200,-200,-200
?,7-28-2016 14:16:17,-200,-200,,-79,-200,,,-200,-200,-200,-200,-200,-200
?,7-28-2016 14:16:18,-200,-200,-200,,,-200,,-200,-200,-200,-200,-200,-200
?,7-28-2016 14:16:19,-200,-200,-200,,,,,-200,-200,-200,-200,-200,-200
?,7-28-2016 14:16:20,-200,-200,-200,-200,,,,-200,-200,-200,-200,-200,-200
?,7-28-2016 14:16:21,-200,-200,-200,,,-200,,-200,-200,-200,-200,-200,-200
?,7-28-2016 14:16:22,-200,-200,,-200,-200,-200,,-200,-200,-200,-200,-200,-200
?,7-28-2016 14:16:23,-200,-200,-200,,,,,-200,-200,-200,-200,-200,-200
?,7-28-2016 14:16:24,-200,-200,,-200,-200,-200,-77,-200,-200,-200,-200,-200,-200
?,7-28-2016 15:37:37,-200,-200,-74,-200,-200,,-200,-200,-200,-200,-200,-200,-200
?,7-28-2016 15:37:38,-200,-200,-74,-200,-200,,-200,-200,-200,-200,-200,-200,-200
?,7-28-2016 15:37:39,-200,-200,-79,,,-200,,-200,-200,-200,-200,-200,-200
?,7-28-2016 15:37:40,-200,-200,-79,-200,,,,-200,-200,-200,-200,-200,-200
?,7-28-2016 15:37:41,-200,-200,-79,,,,-200,-200,-200,-200,-200,-200,-200
?,7-28-2016 15:37:42,-200,-200,-79,-200,,,,-200,-200,-200,-200,-200,-200
?,7-28-2016 15:37:43,-200,-200,-200,-200,,,,-200,-200,-200,-200,-200,-200
?,7-28-2016 15:37:44,-200,-200,-200,-200,,,,-200,-200,-200,-200,-200,-200
?,7-28-2016 15:37:45,-200,-200,-200,,,-74,,-200,-200,-200,-200,-200,-200
?,7-28-2016 15:37:46,-200,-200,,-200,-200,,,-200,-200,-200,-200,-200,-200
?,7-28-2016 15:37:47,-200,-200,-200,-200,,,-200,-200,-200,-200,-200,-200,-200
?,7-28-2016 15:37:48,-200,-200,-200,-200,,,,-200,-200,-200,-200,-200,-200
?,7-28-2016 15:37:49,-200,-200,-200,-200,,,,-200,-200,-200,-200,-200,-200
?,7-28-2016 15:37:50,-200,-200,-200,-200,,,-200,-200,-200,-200,-200,-200,-200
?,7-28-2016 15:37:51,-200,-200,-200,-200,,-79,-200,-200,-200,-200,-200,-200,-200
?,7-28-2016 15:37:52,-200,-200,,-200,,,,-80,-200,-200,-200,-200,-200
?,7-28-2016 15:37:55,-200,-200,,-200,,,-200,-81,-200,-200,-200,-200,-200
?,7-28-2016 15:37:56,-200,-200,-200,-200,,,,-81,-200,-200,-200,-200,-200
?,7-28-2016 15:37:57,-200,-200,-200,,,-78,,-81,-200,-200,-200,-200,-200
?,7-28-2016 15:37:58,-200,-200,-200,-200,,-78,,-81,-200,-200,-200,-200,-200
?,7-28-2016 15:37:59,-200,-200,-200,-200,,,-200,-200,-200,-200,-200,-200,-200
?,7-28-2016 15:38:00,-200,-200,-200,-200,,-200,-200,-200,-200,-200,-200,-200,-200
?,7-28-2016 15:38:15,-200,-200,-200,-200,,-200,,-200,-200,-200,-200,-200,-200
?,7-28-2016 15:38:16,-200,-200,-200,,,,-200,-200,-200,-200,-200,-200,-200
?,7-28-2016 15:38:17,-200,-75,-200,-200,,-200,-200,-200,-200,-200,-200,-200,-200
?,7-28-2016 15:38:18,-200,-85,-200,-200,,,,-200,-200,-200,-200,-200,-200
?,7-28-2016 15:38:19,-200,-83,-200,,,-200,-200,-200,-200,-200,-200,-200,-200
?,7-28-2016 15:38:20,-200,-83,-200,-200,,,,-200,-200,-200,-200,-200,-200
?,7-28-2016 15:38:21,-200,-83,,-200,,,,-200,-200,-200,-200,-200,-200
?,7-28-2016 15:38:22,-200,-83,-200,-200,,-200,,-200,-200,-200,-200,-200,-200
?,8-17-2016 10:56:05,-82,-200,-200,,,,,-200,-200,-200,-200,-200,-200
?,8-17-2016 10:56:06,-78,-200,,,-200,,-200,-200,-200,-200,-200,-200,-200
?,8-17-2016 10:56:07,-77,-200,-200,-200,,-200,,-200,-200,-200,-200,-200,-200
?,8-17-2016 10:56:08,-77,-200,,-200,-200,-200,-200,-200,-200,-200,-200,-200,-200
?,8-17-2016 10:56:09,-78,-200,-200,,,,,-200,-200,-200,-200,-200,-200
?,8-17-2016 10:56:10,-78,-200,-200,-200,,,-200,-200,-200,-200,-200,-200,-200
?,8-17-2016 10:56:11,-78,-200,,-200,-200,,-200,-200,-200,-200,-200,-200,-200
?,8-17-2016 10:56:12,-78,-200,-200,-200,,,,-200,-200,-200,-200,-200,-200
?,8-17-2016 10:56:13,-75,-200,-200,-200,-200,,-200,-200,-200,-200,-200,-200,-200
?,8-17-2016 10:56:15,-76,-200,-200,-200,,,,-200,-200,-200,-200,-200,-200
?,8-17-2016 10:56:16,-76,-200,-200,,,-200,-200,-200,-200,-200,-200,-200,-200
?,8-17-2016 10:56:17,-76,-200,-200,-200,,,-200,-200,-200,-200,-200,-200,-200
?,8-17-2016 10:56:18,-76,-200,-200,-200,,-200,,-200,-200,-200,-200,-200,-200
?,8-17-2016 10:56:19,-200,-200,-200,,,,-200,-200,-74,-200,-200,-200,-200
?,8-17-2016 10:56:20,-200,-200,-200,-200,-200,-200,,-200,-74,-200,-200,-200,-200
?,8-17-2016 10:56:21,-200,-200,-200,-200,,,,-200,-74,-200,-200,-200,-200
?,8-17-2016 10:56:22,-200,-200,,-200,-200,,-200,-200,-70,-200,-200,-200,-200
?,8-17-2016 10:56:23,-200,-200,-200,-200,,,,-200,-69,-200,-200,-200,-200
?,8-17-2016 10:56:24,-200,-200,-200,,,,,-200,-69,-200,-200,-200,-200
?,8-17-2016 10:56:25,-200,-200,-200,-200,,,,-200,-66,-200,-200,-200,-200
?,8-17-2016 10:56:26,-200,-200,-200,-200,-200,,-200,-200,-67,-200,-200,-200,-200
?,8-17-2016 10:56:27,-200,-200,,-200,-200,,-200,-200,-63,-200,-200,-200,-200
?,8-17-2016 10:56:28,-200,-200,-200,,,,,-200,-63,-200,-200,-200,-200
?,8-17-2016 10:56:29,-200,-200,-200,-200,,-200,,-200,-63,-200,-200,-200,-200
?,8-17-2016 10:56:30,-200,-200,-200,,,,,-200,-62,-200,-200,-200,-200
?,8-17-2016 10:56:31,-200,-200,-200,-200,,,,-200,-61,-200,-200,-200,-200
?,8-17-2016 10:56:33,-200,-200,-200,-200,-200,,,-200,-62,-200,-200,-200,-200
?,8-17-2016 10:56:34,-200,-200,-200,-200,-200,,,-200,-64,-200,-200,-200,-200
?,8-17-2016 10:56:35,-200,-200,-200,-200,,,,-200,-75,-200,-200,-200,-200
?,8-17-2016 10:56:36,-200,-200,-200,-200,-200,-200,,-200,-79,-200,-200,-200,-200
?,8-17-2016 10:56:37,-200,-200,-200,,,,-200,-200,-78,-200,-200,-200,-200
?,8-17-2016 10:56:38,-200,-200,-200,-200,,-200,-200,-200,-71,-200,-78,-200,-200
?,8-17-2016 10:56:39,-200,-200,-200,,,,,-200,-70,-200,-78,-200,-200
?,8-17-2016 10:56:40,-200,-200,,-200,-200,,-200,-200,-76,-200,-78,-200,-200
?,8-17-2016 10:56:41,-200,-200,,-200,-200,,,-200,-76,-200,-78,-200,-200
?,8-17-2016 10:56:42,-200,-200,-200,-200,,,,-200,-75,-200,-78,-200,-200
?,8-17-2016 10:56:43,-200,-200,-200,-200,-200,-200,,-200,-81,-200,-200,-200,-200
?,8-17-2016 10:56:44,-200,-200,-200,-200,,,-200,-200,-76,-78,-200,-200,-200
?,8-17-2016 10:56:45,-200,-200,-200,-200,,,,-200,-76,-78,-200,-200,-200
?,8-17-2016 10:56:46,-200,-200,-200,-200,,-200,-200,-200,-76,-78,-200,-200,-200
?,8-17-2016 10:56:47,-200,-200,-200,-200,,,,-200,-76,-78,-200,-200,-200
?,8-17-2016 10:56:49,-200,-200,-200,-200,,,,-200,-200,-77,-200,-200,-200
?,8-17-2016 10:56:50,-200,-200,,,-200,-200,,-200,-200,-77,-200,-200,-200
?,8-17-2016 10:56:51,-200,-200,-200,-200,,-200,,-200,-200,-78,-200,-200,-200
?,8-17-2016 10:56:52,-200,-200,-200,-200,,,,-200,-200,-75,-200,-200,-200
?,8-17-2016 10:56:53,-200,-200,-200,-200,,-200,,-80,-200,-75,-200,-200,-200
?,8-17-2016 10:56:54,-200,-200,,,-200,,-200,-80,-200,-72,-200,-200,-200
?,8-17-2016 10:56:55,-200,-200,-200,-200,,,,-80,-200,-72,-200,-200,-200
?,8-17-2016 10:56:56,-200,-200,-200,-200,-200,,,-80,-200,-75,-200,-200,-200
?,8-17-2016 10:56:57,-200,-200,-200,-200,,,,-80,-200,-75,-81,-200,-200
?,8-17-2016 10:56:58,-200,-200,-200,,,,,-200,-200,-81,-79,-200,-200
?,8-17-2016 10:56:59,-200,-200,-200,-200,,,,-200,-200,-82,-79,-200,-200
?,8-17-2016 10:57:00,-200,-200,,-200,-200,,-200,-200,-200,-76,-79,-200,-200
?,8-17-2016 10:57:01,-200,-200,,-200,-200,,-200,-200,-200,-74,-79,-200,-200
?,8-17-2016 10:57:02,-200,-200,,,-200,,-200,-200,-200,-74,-81,-200,-200
?,8-17-2016 10:57:03,-200,-200,,,-200,,,-200,-200,-74,-81,-200,-200
?,8-17-2016 10:57:04,-200,-200,-200,-200,-200,,,-200,-200,-77,-80,-200,-200
?,8-17-2016 10:57:05,-200,-200,-200,,,,-200,-200,-200,-77,-80,-200,-200
?,8-17-2016 10:57:06,-200,-200,,-200,-200,,-200,-200,-200,-81,-80,-200,-200
?,8-17-2016 10:57:07,-200,-200,,,-200,-200,-200,-200,-200,-72,-80,-200,-200
?,8-17-2016 10:57:08,-200,-200,-200,-200,,,,-78,-200,-72,-200,-200,-200
?,8-17-2016 10:57:09,-200,-200,-200,,,,,-79,-200,-72,-200,-200,-200
?,8-17-2016 10:57:10,-200,-200,,,-200,,-200,-79,-200,-75,-200,-200,-200
?,8-17-2016 10:57:11,-200,-200,,-200,-200,,-200,-79,-200,-76,-81,-200,-200
?,8-17-2016 10:57:12,-200,-200,,-200,-200,,,-79,-200,-73,-80,-200,-200
?,8-17-2016 10:57:13,-200,-200,-200,-200,,,,-200,-200,-79,-81,-200,-200
?,8-17-2016 10:57:14,-200,-200,-200,-200,,,,-200,-200,-72,-80,-200,-200
?,8-17-2016 10:57:15,-200,-200,-200,-200,-200,,-200,-200,-200,-65,-77,-200,-200
?,8-17-2016 10:57:16,-200,-200,-200,-200,,,-200,-200,-200,-65,-79,-200,-200
?,8-17-2016 10:57:17,-200,-200,-200,-200,-200,,-200,-200,-200,-77,-80,-200,-200
?,8-17-2016 10:57:18,-200,-200,-200,-200,,,,-200,-200,-66,-80,-200,-200
?,8-17-2016 10:57:19,-200,-200,,,-200,-200,,-200,-200,-65,-78,-200,-200
?,8-17-2016 10:57:20,-200,-200,-200,-200,,,,-200,-200,-65,-78,-200,-200
?,8-17-2016 10:57:21,-200,-200,,-200,-200,,,-200,-200,-71,-78,-200,-200
?,8-17-2016 10:57:22,-200,-200,-200,-200,,,,-200,-200,-71,-78,-200,-200
?,8-17-2016 10:57:23,-200,-200,-200,-200,-200,,,-200,-200,-68,-78,-200,-200
?,8-17-2016 10:57:24,-200,-200,,,-200,,,-200,-200,-68,-70,-200,-200
?,8-17-2016 10:57:25,-200,-200,-200,-200,,,,-200,-200,-68,-69,-200,-200
?,8-17-2016 10:57:26,-200,-200,-200,,,,-200,-200,-200,-68,-75,-200,-200
?,8-17-2016 10:57:27,-200,-200,,-200,-200,-200,,-200,-200,-200,-75,-200,-200
?,8-17-2016 10:57:28,-200,-200,-200,-200,,,,-200,-200,-200,-72,-200,-200
?,8-17-2016 10:57:29,-200,-200,,-200,-200,,,-200,-200,-200,-71,-200,-200
?,8-17-2016 10:57:30,-200,-200,,-200,-200,,-200,-200,-200,-200,-71,-200,-200
?,8-17-2016 10:57:31,-200,-200,-200,-200,,,,-200,-200,-200,-65,-79,-200
?,8-17-2016 10:57:32,-200,-200,-200,-200,,,-200,-88,-200,-200,-65,-79,-200
?,8-17-2016 10:57:33,-200,-200,-200,-200,-200,,-200,-88,-200,-200,-69,-79,-200
?,8-17-2016 10:57:34,-200,-200,,-200,-200,,,-83,-200,-200,-69,-79,-200
?,8-17-2016 10:57:35,-200,-200,,,-200,,,-83,-200,-200,-60,-80,-200
?,8-17-2016 10:57:36,-200,-200,-200,-200,,,,-83,-200,-200,-60,-80,-200
?,8-17-2016 10:57:37,-200,-200,-200,-200,,-77,,-83,-200,-200,-74,-80,-200
?,8-17-2016 10:57:39,-200,-200,-200,,,,-200,-200,-200,-200,-80,-80,-200
?,8-17-2016 10:57:40,-200,-200,-200,-200,,,,-200,-200,-200,-80,-77,-200
?,8-17-2016 10:57:41,-200,-200,-200,-200,-200,,-200,-200,-200,-200,-74,-79,-200
?,8-17-2016 10:57:42,-200,-200,-200,,,,,-200,-200,-200,-74,-80,-200
?,8-17-2016 10:57:43,-200,-200,,-200,-200,,-200,-200,-200,-200,-74,-79,-200
?,8-17-2016 10:57:44,-200,-200,-200,-200,,,-200,-200,-200,-200,-74,-74,-200
?,8-17-2016 10:57:45,-200,-200,-200,-200,-200,,-200,-200,-200,-200,-200,-77,-200
?,8-17-2016 10:57:46,-200,-200,,,-200,,-200,-200,-200,-200,-200,-77,-200
?,8-17-2016 10:57:47,-200,-200,,-200,-200,,,-200,-200,-200,-200,-77,-200
?,8-17-2016 10:57:48,-200,-200,,,-200,-200,,-200,-200,-200,-200,-73,-78
?,8-17-2016 10:57:49,-200,-200,-200,-200,,,-200,-200,-200,-200,-200,-66,-80
?,8-17-2016 10:57:50,-200,-200,-200,-200,-200,,-200,-200,-200,-200,-200,-66,-79
?,8-17-2016 10:57:51,-200,-200,-200,-200,,,,-200,-200,-200,-200,-68,-79
?,8-17-2016 10:57:52,-200,-200,-200,,,,,-200,-200,-200,-200,-68,-80
?,8-17-2016 10:57:53,-200,-200,-200,-200,-200,,,-200,-200,-200,-200,-67,-79
?,8-17-2016 10:57:54,-200,-200,,,-200,,,-200,-200,-200,-200,-69,-79
?,8-17-2016 10:57:55,-200,-200,-200,-200,,,,-200,-200,-200,-200,-74,-79
?,8-17-2016 10:57:56,-200,-200,-200,-200,,,-200,-200,-200,-200,-200,-78,-79
?,8-17-2016 10:57:57,-200,-200,-200,-200,,-200,,-200,-200,-200,-200,-71,-78
?,8-17-2016 10:57:58,-200,-200,,,-200,-200,,-200,-200,-200,-200,-71,-79
?,8-17-2016 10:57:59,-200,-200,-200,-200,,,,-200,-200,-200,-200,-71,-79
?,8-17-2016 10:58:00,-200,-200,-200,-200,-200,,,-200,-200,-200,-200,-71,-79
?,8-17-2016 10:58:01,-200,-200,-200,-200,,-200,,-200,-200,-200,-200,-79,-79
?,8-17-2016 10:58:02,-200,-200,-200,-200,-200,,-200,-200,-200,-200,-200,-73,-200
?,8-17-2016 10:58:03,-200,-200,-200,-200,,,-200,-200,-200,-200,-200,-73,-81
?,8-17-2016 10:58:04,-200,-200,-200,-200,,,,-200,-200,-200,-200,-73,-76
?,8-17-2016 10:58:05,-200,-200,-200,-200,,,,-200,-200,-200,-200,-73,-79
?,8-17-2016 10:58:06,-200,-200,,-200,-200,,,-200,-200,-200,-200,-200,-76
?,8-17-2016 10:58:07,-200,-200,,-200,-200,-200,,-200,-200,-200,-200,-200,-76
?,8-17-2016 10:58:08,-200,-200,-200,-200,,-200,-200,-200,-200,-200,-200,-200,-77
?,8-17-2016 10:58:09,-200,-200,-200,,,,,-200,-200,-200,-200,-200,-77
?,8-17-2016 10:58:10,-200,-200,,,-200,,-200,-200,-200,-200,-200,-200,-72
?,8-17-2016 10:58:11,-200,-200,-200,-200,,-200,,-200,-200,-200,-200,-200,-73
?,8-17-2016 10:58:12,-200,-200,-200,-200,,,-200,-200,-200,-200,-200,-200,-67
?,8-17-2016 10:58:13,-200,-200,,-200,-200,,,-200,-200,-200,-200,-200,-71
?,8-17-2016 10:58:14,-200,-200,-200,-200,,,,-200,-200,-200,-200,-200,-72
?,8-17-2016 10:58:15,-200,-200,-200,-200,,,,-200,-200,-200,-200,-200,-76
?,8-17-2016 10:58:16,-200,-200,-200,-200,-200,,,-200,-200,-200,-200,-200,-67
?,8-17-2016 10:58:17,-200,-200,-200,-200,,,,-200,-200,-200,-200,-200,-65
?,8-17-2016 10:58:18,-200,-200,,-200,-200,,-200,-200,-200,-200,-200,-200,-65
?,8-17-2016 10:58:19,-200,-200,-200,,,,,-200,-200,-200,-200,-200,-67
?,8-17-2016 10:58:20,-200,-200,-200,-200,-200,,-200,-200,-200,-200,-200,-200,-67
?,8-17-2016 10:58:21,-200,-200,-200,-200,,-200,,-200,-200,-200,-200,-200,-66
?,8-17-2016 10:58:22,-200,-200,-200,,,,,-200,-200,-200,-200,-200,-66
?,8-17-2016 10:58:23,-200,-200,-200,,,,,-200,-200,-200,-200,-200,-65
?,8-17-2016 10:58:30,-200,-200,,-200,-200,,,-200,-200,-200,-200,-200,-71
?,8-17-2016 10:58:31,-200,-200,-200,-200,-200,,,-200,-200,-200,-200,-200,-66
?,8-17-2016 10:58:32,-200,-200,-200,-200,,,,-200,-200,-200,-200,-200,-78
?,8-17-2016 10:58:33,-200,-200,,-200,-200,,,-200,-200,-200,-200,-200,-69
?,8-17-2016 10:58:34,-200,-200,,-200,-200,,,-200,-200,-200,-200,-200,-74
?,8-17-2016 10:58:35,-200,-200,-200,,,-200,-200,-200,-200,-200,-200,-200,-76
?,8-17-2016 10:58:36,-200,-200,-200,,,,,-200,-200,-200,-200,-200,-81
?,8-17-2016 10:58:37,-200,-200,-200,-200,-200,-200,-200,-200,-200,-200,-200,-200,-75
?,8-17-2016 10:58:38,-200,-200,-200,-200,-200,,,-200,-200,-200,-200,-200,-79
?,8-17-2016 10:58:39,-200,-200,,-200,-200,,-200,-200,-200,-200,-200,-200,-79
?,8-17-2016 10:58:40,-200,-200,-200,-200,,,-200,-200,-200,-200,-200,-200,-78
?,8-17-2016 10:58:41,-200,-200,-200,-200,-200,-200,,-200,-200,-200,-200,-200,-79
?,8-17-2016 10:58:42,-200,-200,-200,,,,,-200,-200,-200,-200,-200,-79
?,8-17-2016 10:58:43,-200,-200,-200,,,,,-200,-200,-200,-200,-200,-79
?,8-17-2016 10:58:44,-200,-200,-200,-200,-200,,-200,-200,-200,-200,-200,-200,-79
?,8-17-2016 10:58:45,-200,-200,-200,,,,-200,-200,-200,-200,-200,-200,-79
?,8-17-2016 10:58:46,-200,-200,-200,-200,,,,-200,-200,-200,-200,-200,-79
?,8-17-2016 10:59:03,-200,-200,-200,-200,-200,,-200,-200,-200,-200,-200,-200,-200
?,8-17-2016 10:59:04,-200,-200,-200,-200,,,,-200,-200,-200,-200,-200,-200
?,8-17-2016 10:59:05,-200,-200,,-200,-200,,-200,-200,-200,-200,-200,-200,-200
?,8-17-2016 10:59:06,-200,-200,,-200,-200,,,-200,-200,-200,-200,-200,-200
?,8-17-2016 10:59:07,-200,-200,,,-200,,,-200,-200,-200,-200,-200,-200
?,8-17-2016 10:59:08,-200,-200,,,-200,-79,,-200,-200,-200,-200,-200,-200
?,8-17-2016 10:59:09,-200,-200,-200,-200,,,,-200,-200,-200,-200,-200,-200
?,8-17-2016 10:59:10,-200,-200,-200,-200,,-200,,-200,-200,-200,-200,-200,-200
?,8-17-2016 10:59:11,-200,-200,-200,,,,-76,-200,-200,-200,-200,-200,-200
?,8-17-2016 10:59:12,-200,-200,-200,-200,-200,,,-200,-200,-200,-200,-200,-200
?,8-17-2016 10:59:13,-200,-200,-200,-200,,,,-200,-200,-200,-200,-200,-200
?,8-17-2016 10:59:14,-200,-200,-200,-200,,,-65,-200,-200,-200,-200,-200,-200
?,8-17-2016 10:59:15,-200,-200,-200,-200,,-79,,-200,-200,-200,-200,-200,-200
?,8-17-2016 10:59:16,-200,-200,-200,,,,,-200,-200,-200,-200,-200,-200
?,8-17-2016 10:59:17,-200,-200,-200,-200,,,-61,-200,-200,-200,-200,-200,-200
?,8-17-2016 10:59:18,-200,-200,-200,-79,,,-64,-200,-200,-200,-200,-200,-200
?,8-17-2016 10:59:19,-200,-200,-200,,,,-65,-200,-200,-200,-200,-200,-200
?,8-17-2016 10:59:20,-200,-200,-200,,,,,-200,-200,-200,-200,-200,-200
?,8-17-2016 10:59:21,-200,-200,-200,-79,,-200,,-200,-200,-200,-200,-200,-200
?,8-17-2016 10:59:22,-200,-200,-200,-79,,,-66,-200,-200,-200,-200,-200,-200
?,8-17-2016 10:59:23,-200,-200,-200,-79,,-200,-67,-200,-200,-200,-200,-200,-200
?,8-17-2016 10:59:24,-200,-200,,-79,-200,,,-200,-200,-200,-200,-200,-200
?,8-17-2016 10:59:25,-200,-200,-200,,,,,-200,-200,-200,-200,-200,-200
?,8-17-2016 10:59:26,-200,-200,-200,,,,,-200,-200,-200,-200,-200,-200
?,8-17-2016 10:59:27,-200,-200,-200,-79,-200,,,-200,-200,-200,-200,-200,-200
?,8-17-2016 10:59:28,-200,-200,-200,-79,,,,-200,-200,-200,-200,-200,-200
?,8-17-2016 10:59:29,-200,-200,-200,-80,,,-71,-200,-200,-200,-200,-200,-200
?,8-17-2016 10:59:30,-200,-200,-200,-72,,,,-200,-200,-200,-200,-200,-200
?,8-17-2016 10:59:31,-200,-200,-200,-72,,,-71,-200,-200,-200,-200,-200,-200
?,8-17-2016 10:59:32,-200,-200,-200,-77,,,,-200,-200,-200,-200,-200,-200
?,8-17-2016 10:59:34,-200,-200,-200,,,,,-200,-200,-200,-200,-200,-200
?,8-17-2016 10:59:35,-200,-200,-200,-68,,,,-200,-200,-200,-200,-200,-200
?,8-17-2016 10:59:36,-200,-200,-200,-68,,-200,-200,-200,-200,-200,-200,-200,-200
?,8-17-2016 10:59:37,-200,-200,-200,-70,,-200,-200,-200,-200,-200,-200,-200,-200
?,8-17-2016 10:59:38,-200,-200,-200,-69,,,-200,-200,-200,-200,-200,-200,-200
?,8-17-2016 10:59:39,-200,-200,,,-200,,-200,-200,-200,-200,-200,-200,-200
?,8-17-2016 10:59:40,-200,-200,-200,,,,-200,-200,-200,-200,-200,-200,-200
?,8-17-2016 10:59:41,-200,-200,,-71,-200,-200,,-200,-200,-200,-200,-200,-200
?,8-17-2016 10:59:42,-200,-200,-200,-71,-200,,,-200,-200,-200,-200,-200,-200
?,8-17-2016 10:59:43,-200,-200,-200,-71,,,,-200,-200,-200,-200,-200,-200
?,8-17-2016 10:59:44,-200,-200,-200,-73,,,,-200,-200,-200,-200,-200,-200
?,8-17-2016 10:59:45,-200,-200,-81,-72,-200,-200,-76,-200,-200,-200,-200,-200,-200
?,8-17-2016 10:59:46,-200,-200,,-80,-200,,-76,-200,-200,-200,-200,-200,-200
?,8-17-2016 10:59:47,-200,-200,,,-200,,,-200,-200,-200,-200,-200,-200
?,8-17-2016 10:59:48,-200,-81,-76,-78,-200,,,-200,-200,-200,-200,-200,-200
?,8-17-2016 10:59:49,-200,-81,-78,-80,-200,,,-200,-200,-200,-200,-200,-200
?,8-17-2016 10:59:51,-200,-79,-78,,-200,,,-200,-200,-200,-200,-200,-200
?,8-17-2016 10:59:52,-200,-79,-78,-80,-200,,,-200,-200,-200,-200,-200,-200
?,8-17-2016 10:59:53,-200,-81,-200,,,,,-200,-200,-200,-200,-200,-200
?,8-17-2016 10:59:54,-200,-80,-76,-80,-200,,,-200,-200,-200,-200,-200,-200
?,8-17-2016 10:59:55,-200,-80,-74,-200,-200,,-200,-200,-200,-200,-200,-200,-200
?,8-17-2016 10:59:56,-200,-80,-70,-200,-200,,,-200,-200,-200,-200,-200,-200
?,8-17-2016 10:59:57,-200,-80,-66,-200,-200,-200,,-200,-200,-200,-200,-200,-200
?,8-17-2016 10:59:58,-200,-82,-66,-82,,,-200,-200,-200,-200,-200,-200,-200
?,8-17-2016 10:59:59,-200,-82,,,,,,-200,-200,-200,-200,-200,-200
?,8-17-2016 11:00:01,-200,-78,,-80,,-77,-200,-200,-200,-200,-200,-200,-200
?,8-17-2016 11:00:02,-200,-80,,-80,,,-200,-80,-200,-200,-200,-200,-200
?,8-17-2016 11:00:03,-200,-77,-64,-80,,,-200,-83,-200,-200,-200,-200,-200
?,8-17-2016 11:00:04,-200,-77,-64,-200,-200,-78,-200,-83,-200,-200,-200,-200,-200
?,8-17-2016 11:00:05,-200,-79,-69,,-200,,-200,-83,-200,-200,-200,-200,-200
?,8-17-2016 11:00:06,-200,-79,-77,-75,-200,,,-83,-200,-200,-200,-200,-200
?,8-17-2016 11:00:07,-200,-80,,-76,-200,,,-200,-200,-200,-200,-200,-200
?,8-17-2016 11:00:08,-200,-80,-68,-77,-200,,,-81,-200,-200,-200,-200,-200
?,8-17-2016 11:00:09,-200,-78,,-78,-200,,,-83,-200,-200,-200,-200,-200
?,8-17-2016 11:00:10,-200,-78,-79,-78,-200,,,-83,-200,-200,-200,-200,-200
?,8-17-2016 11:00:11,-200,-78,-85,-78,-200,-60,,-83,-200,-200,-200,-200,-200
?,8-17-2016 11:00:12,-200,-78,,-78,-200,,,-83,-200,-200,-200,-200,-200
?,8-17-2016 11:00:13,-200,-200,-75,,,-61,,-200,-200,-200,-200,-200,-200
?,8-17-2016 11:00:14,-200,-200,-75,,,-60,,-200,-200,-200,-200,-200,-200
?,8-17-2016 11:00:15,-200,-200,-75,,,-61,,-200,-200,-200,-200,-200,-200
?,8-17-2016 11:00:16,-200,-200,-200,-200,,-57,,-200,-200,-200,-200,-200,-200
?,8-17-2016 11:00:17,-200,-200,-200,-200,,,,-200,-200,-200,-200,-200,-200
?,8-17-2016 11:00:18,-200,-200,-200,,,,-200,-200,-200,-200,-200,-200,-200
?,8-17-2016 11:00:19,-200,-200,-200,-200,,-70,-200,-200,-200,-200,-200,-200,-200
?,8-17-2016 11:00:20,-200,-200,-200,-200,,,,-200,-200,-200,-200,-200,-200
?,8-17-2016 11:00:21,-200,-200,-200,-200,,,,-200,-200,-200,-200,-200,-200
?,8-17-2016 11:00:22,-200,-200,-200,-200,,-70,,-200,-200,-200,-200,-200,-200
?,8-17-2016 11:00:23,-200,-200,-200,-200,,-69,,-200,-200,-200,-200,-200,-200
?,8-17-2016 11:00:24,-200,-200,-200,,,,,-81,-200,-200,-200,-200,-200
?,8-17-2016 11:00:25,-200,-200,-200,-200,,-69,,-84,-200,-200,-200,-200,-200
?,8-17-2016 11:00:26,-200,-200,,-200,-200,,,-84,-200,-200,-200,-200,-200
?,8-17-2016 11:00:27,-200,-200,-81,-200,,-68,,-84,-200,-200,-200,-200,-200
?,8-17-2016 11:00:28,-200,-200,-81,-200,,-70,-200,-84,-200,-200,-200,-200,-200
?,8-17-2016 11:00:29,-200,-200,-81,-200,,-73,,-200,-200,-200,-200,-200,-200
?,8-17-2016 11:00:30,-200,-200,-81,-200,,-72,-200,-200,-200,-200,-200,-200,-200
?,8-17-2016 11:00:31,-200,-200,,-200,,,,-200,-200,-200,-200,-200,-200
?,8-17-2016 11:00:32,-200,-200,-200,,,,,-200,-200,-200,-200,-200,-200
?,8-17-2016 11:00:33,-200,-200,-200,-200,,,-200,-200,-200,-200,-200,-200,-200
?,8-17-2016 11:00:34,-200,-200,-200,-200,,,-200,-200,-200,-200,-200,-200,-200
?,8-17-2016 11:00:35,-200,-200,-200,-200,,,,-200,-200,-200,-200,-200,-200
?,8-17-2016 11:00:36,-200,-200,-200,-200,,,-200,-200,-200,-200,-200,-200,-200
?,8-17-2016 11:00:37,-200,-200,,-200,,,-200,-200,-200,-200,-200,-200,-200
?,8-17-2016 11:00:38,-200,-200,-200,-200,,,,-200,-200,-200,-200,-200,-200
?,8-17-2016 11:00:39,-200,-200,-200,-200,,-75,,-200,-200,-200,-200,-200,-200
?,8-17-2016 11:00:40,-200,-200,-200,-200,,-75,-200,-200,-200,-200,-200,-200,-200
?,8-17-2016 11:00:41,-200,-80,-200,-200,,,,-200,-200,-200,-200,-200,-200
?,8-17-2016 11:00:42,-200,-80,-200,-200,,,,-81,-200,-200,-200,-200,-200
?,8-17-2016 11:00:43,-200,-79,-200,-200,,,,-82,-200,-200,-200,-200,-200
?,8-17-2016 11:00:44,-200,-79,,-200,,,,-81,-200,-200,-200,-200,-200
?,8-17-2016 11:00:45,-200,-79,-200,-200,,,-200,-81,-200,-200,-200,-200,-200
?,8-17-2016 11:00:46,-200,-79,,-200,,-200,,-79,-200,-200,-200,-200,-200
?,8-17-2016 11:00:47,-200,-200,-200,,,,-200,-81,-200,-200,-200,-200,-200
?,8-17-2016 11:00:48,-200,-200,-200,-200,,,,-79,-200,-200,-200,-200,-200
?,8-17-2016 11:00:49,-200,-81,,-200,,-79,-200,-80,-200,-200,-200,-200,-200
?,8-17-2016 11:00:50,-200,-77,-200,-200,,,,-80,-200,-200,-200,-200,-200
?,8-17-2016 11:00:51,-200,-75,-200,-200,,-79,,-80,-200,-200,-200,-200,-200
?,8-17-2016 11:00:52,-200,-72,-200,-200,,-77,-200,-80,-200,-200,-200,-200,-200
?,8-17-2016 11:00:53,-200,-72,-200,-200,,,-200,-80,-200,-200,-200,-200,-200
?,8-17-2016 11:00:54,-200,-75,-200,-200,,-77,,-80,-200,-200,-200,-200,-200
?,8-17-2016 11:00:55,-200,-75,-200,-200,,-77,,-200,-200,-200,-200,-200,-200
?,8-17-2016 11:00:56,-200,-76,-200,-200,,-81,,-200,-200,-200,-200,-200,-200
?,8-17-2016 11:00:57,-200,-76,,,,-81,,-200,-200,-200,-200,-200,-200
?,8-17-2016 11:00:58,-200,-77,-200,,,,-200,-200,-200,-200,-200,-200,-200
?,8-17-2016 11:00:59,-200,-78,,,,,-200,-81,-200,-200,-200,-200,-200
?,8-17-2016 11:01:00,-200,-78,-81,-200,,-78,-200,-80,-200,-200,-200,-200,-200
?,8-17-2016 11:01:01,-200,-77,-81,-200,,,,-80,-200,-200,-200,-200,-200
?,8-17-2016 11:01:02,-200,-77,-81,-200,,,,-80,-200,-200,-200,-200,-200
?,8-17-2016 11:01:03,-200,-76,-81,,,,-200,-80,-200,-200,-200,-200,-200
?,8-17-2016 11:01:04,-200,-76,-200,-200,,,-200,-200,-200,-200,-200,-200,-200
?,8-17-2016 11:01:05,-200,-79,-200,-200,,,-200,-200,-200,-200,-200,-200,-200
?,8-17-2016 11:01:06,-200,-75,-200,-200,,,-200,-200,-200,-200,-200,-200,-200
?,8-17-2016 11:01:07,-200,-75,,-200,,-80,-200,-200,-200,-200,-200,-200,-200
?,8-17-2016 11:01:08,-200,-72,-200,-200,,-80,,-200,-200,-200,-200,-200,-200
?,8-17-2016 11:01:09,-200,-66,-200,-200,,-80,,-200,-200,-200,-200,-200,-200
?,8-17-2016 11:01:10,-200,-66,,-200,,,-200,-200,-200,-200,-200,-200,-200
?,8-17-2016 11:01:11,-200,-64,-200,-200,,,-200,-200,-200,-200,-200,-200,-200
?,8-17-2016 11:01:12,-200,-64,-200,-200,,,-200,-200,-200,-200,-200,-200,-200
?,8-17-2016 11:01:13,-200,-65,-200,-200,,,,-200,-200,-200,-200,-200,-200
?,8-17-2016 11:01:14,-200,-63,-200,-200,,,-200,-200,-200,-200,-200,-200,-200
?,8-17-2016 11:01:15,-200,-63,-200,-200,,,,-200,-200,-200,-200,-200,-200
?,8-17-2016 11:01:16,-200,-65,-200,,,,-200,-200,-200,-200,-200,-200,-200
?,8-17-2016 11:01:17,-200,-65,-200,,,-200,,-200,-200,-200,-200,-200,-200
?,8-17-2016 11:01:18,-200,-74,-200,-200,,,-200,-200,-200,-200,-200,-200,-200
?,8-17-2016 11:01:19,-200,-74,-200,-200,,,-200,-200,-200,-200,-200,-200,-200
?,8-17-2016 11:01:20,-200,-68,-200,,,,-200,-200,-200,-200,-200,-200,-200
?,8-17-2016 11:01:21,-200,-74,-200,-200,,,,-81,-200,-200,-200,-200,-200
?,8-17-2016 11:01:23,-200,-67,,-200,,,,-81,-200,-200,-200,-200,-200
?,8-17-2016 11:01:24,-200,-71,-200,-200,,-200,,-81,-200,-200,-200,-200,-200
?,8-17-2016 11:01:25,-200,-65,-200,-200,,,,-81,-200,-200,-200,-200,-200
?,8-17-2016 11:01:26,-200,-73,-200,,,,-200,-81,-200,-200,-200,-200,-200
?,8-17-2016 11:01:27,-200,-69,,-200,-200,,,-200,-200,-200,-200,-200,-200
?,8-17-2016 11:01:28,-200,-81,-200,,,,-200,-78,-200,-200,-200,-200,-200
?,8-17-2016 11:01:29,-200,-71,-200,-200,,,,-78,-200,-200,-200,-200,-200
?,8-17-2016 11:01:30,-200,-71,-200,-200,,,,-81,-200,-200,-200,-200,-200
?,8-17-2016 11:01:31,-200,-71,-200,,,,,-81,-200,-200,-200,-200,-200
?,8-17-2016 11:01:32,-200,-80,-200,,,-200,,-81,-200,-200,-200,-200,-200
?,8-17-2016 11:01:33,-200,-74,,-200,,,-200,-81,-200,-200,-200,-200,-200
?,8-17-2016 11:01:35,-200,-75,-200,-200,,,-200,-200,-200,-200,-200,-200,-200
?,8-17-2016 11:01:36,-200,-75,,,,-78,,-200,-200,-200,-200,-200,-200
?,8-17-2016 11:01:37,-200,-75,,-200,,-78,-200,-200,-200,-200,-200,-200,-200
?,8-17-2016 11:01:38,-200,-81,-200,-200,,,-200,-76,-200,-200,-200,-200,-200
?,8-17-2016 11:01:39,-200,-79,,-200,,,,-75,-200,-200,-200,-200,-200
?,8-17-2016 11:01:40,-200,-79,-200,-200,,-79,,-76,-200,-200,-200,-200,-200
?,8-17-2016 11:01:41,-200,-79,-200,-200,,,,-78,-200,-200,-200,-200,-200
?,8-17-2016 11:01:42,-81,-79,,-200,,,-200,-77,-200,-200,-200,-200,-200
?,8-17-2016 11:01:43,-77,-79,-200,-200,,-83,-200,-77,-200,-200,-200,-200,-200
?,8-17-2016 11:01:44,-77,-79,-200,-200,-200,,,-67,-200,-200,-200,-200,-200
?,8-17-2016 11:01:45,-77,-79,,,-200,,-200,-66,-200,-200,-200,-200,-200
?,8-17-2016 11:01:46,-77,-200,,-200,-200,,,-62,-200,-200,-200,-200,-200
?,8-17-2016 11:01:47,-200,-200,-200,-200,,-81,,-62,-200,-200,-200,-200,-200
?,8-17-2016 11:01:48,-200,-200,-200,-200,,,,-64,-200,-200,-200,-200,-200
?,8-17-2016 11:01:49,-200,-200,-200,,,,,-67,-200,-200,-200,-200,-200
?,8-17-2016 11:01:50,-200,-200,-200,-200,,-200,,-69,-200,-200,-200,-200,-200
?,8-17-2016 11:01:51,-200,-200,-200,-200,,-200,-200,-69,-200,-200,-200,-200,-200
?,8-17-2016 11:01:52,-200,-200,-200,-200,,-200,,-68,-200,-200,-200,-200,-200
?,8-17-2016 11:01:53,-200,-200,-200,,,,,-68,-200,-200,-200,-200,-200
?,8-17-2016 11:01:54,-200,-200,-200,-200,,,,-65,-200,-200,-200,-200,-200
?,8-17-2016 11:01:55,-200,-200,,-200,,-200,,-65,-200,-200,-200,-200,-200
?,8-17-2016 11:01:56,-200,-200,-200,-200,,,-200,-69,-200,-200,-200,-200,-200
?,8-17-2016 11:01:57,-200,-200,-200,-200,,,-200,-69,-200,-200,-200,-200,-200
?,8-17-2016 11:01:58,-200,-200,-200,,,,,-64,-200,-200,-200,-200,-200
?,8-17-2016 11:01:59,-200,-200,,-200,,,,-64,-200,-200,-200,-200,-200
?,8-17-2016 11:02:00,-200,-200,-200,,,-81,,-64,-200,-200,-200,-200,-200
?,8-17-2016 11:02:01,-200,-200,-200,,,-81,,-68,-200,-200,-88,-200,-200
?,8-17-2016 11:02:02,-200,-200,-200,-200,,,-200,-66,-200,-200,-79,-200,-200
?,8-17-2016 11:02:03,-200,-200,-200,-200,,,,-66,-200,-200,-82,-200,-200
?,8-17-2016 11:02:04,-200,-80,-200,,,,,-66,-200,-200,-82,-200,-200
?,8-17-2016 11:02:05,-200,-79,,,,,,-66,-200,-87,-82,-200,-200
?,8-17-2016 11:02:06,-200,-78,-200,,,,,-67,-200,-87,-82,-200,-200
?,8-17-2016 11:02:08,-200,-79,-200,-200,,,,-70,-200,-76,-200,-200,-200
?,8-17-2016 11:02:09,-200,-79,-200,-200,,,-200,-79,-200,-76,-200,-200,-200
?,8-17-2016 11:02:10,-200,-79,-200,-200,,,-200,-72,-200,-76,-200,-200,-200
?,8-17-2016 11:02:11,-200,-200,,,,,,-72,-200,-200,-200,-200,-200
?,8-17-2016 11:02:12,-200,-200,-200,-200,,,-200,-69,-200,-200,-200,-200,-200
?,8-17-2016 11:02:13,-200,-200,,-200,,,,-69,-200,-200,-200,-200,-200
?,8-17-2016 11:02:14,-200,-200,-200,-200,,,-200,-70,-200,-200,-200,-200,-200
?,8-17-2016 11:02:15,-200,-200,,-200,,-200,-200,-70,-200,-200,-200,-200,-200
?,8-17-2016 11:02:16,-200,-200,-200,-200,,,,-67,-200,-200,-200,-200,-200
?,8-17-2016 11:02:17,-200,-200,-200,-200,,,-200,-66,-200,-200,-200,-200,-200
?,8-17-2016 11:02:18,-200,-200,-200,-200,,,-200,-67,-200,-200,-200,-200,-200
?,8-17-2016 11:02:19,-200,-200,-200,-200,,,,-68,-200,-200,-200,-200,-200
?,8-17-2016 11:02:20,-200,-200,-200,,,,,-61,-200,-200,-200,-200,-200
?,8-17-2016 11:02:21,-200,-200,-200,-200,,,-200,-60,-200,-200,-200,-200,-200
?,8-17-2016 11:02:22,-200,-200,-200,-200,,,,-60,-200,-200,-200,-200,-200
?,8-17-2016 11:02:23,-200,-200,-200,-200,,,,-64,-200,-200,-200,-200,-200
?,8-17-2016 11:02:24,-200,-200,-200,-200,,-82,-200,-65,-200,-200,-200,-200,-200
?,8-17-2016 11:02:25,-200,-200,-200,-200,,,-200,-63,-200,-200,-200,-200,-200
?,8-17-2016 11:02:26,-200,-200,-200,-200,-200,-79,,-63,-200,-200,-200,-200,-200
?,8-17-2016 11:02:27,-200,-200,-200,-200,,,,-63,-200,-200,-200,-200,-200
?,8-17-2016 11:02:28,-200,-200,-200,-200,,,,-62,-200,-200,-200,-200,-200
?,8-17-2016 11:02:29,-200,-200,,,,,-200,-62,-200,-200,-200,-200,-200
?,8-17-2016 11:02:30,-200,-200,-200,-200,,,,-63,-200,-200,-200,-200,-200
?,8-17-2016 11:02:31,-200,-200,,-200,,,-200,-77,-200,-200,-200,-200,-200
?,8-17-2016 11:02:32,-200,-200,-200,-200,,-81,-200,-77,-200,-200,-200,-200,-200
?,8-17-2016 11:02:33,-200,-200,,,,,,-68,-200,-81,-200,-200,-200
?,8-17-2016 11:02:34,-200,-200,-200,,,,,-80,-200,-79,-200,-200,-200
?,8-17-2016 11:02:35,-200,-200,-200,-200,-200,,,-79,-200,-77,-200,-200,-200
?,8-17-2016 11:02:36,-200,-200,-200,,,,,-75,-200,-73,-200,-200,-200
?,8-17-2016 11:02:37,-200,-200,,-200,-200,-200,,-75,-200,-80,-200,-200,-200
?,8-17-2016 11:02:38,-200,-200,,-200,-200,,,-75,-200,-80,-200,-200,-200
?,8-17-2016 11:02:39,-200,-200,-200,,,-200,-200,-75,-200,-79,-200,-200,-200
?,8-17-2016 11:02:40,-200,-200,-200,-200,,,,-200,-200,-74,-200,-200,-200
?,8-17-2016 11:02:41,-200,-200,,,-200,-200,-200,-200,-200,-73,-200,-200,-200
?,8-17-2016 11:02:42,-200,-200,,,-200,,-200,-200,-200,-76,-200,-200,-200
?,8-17-2016 11:02:43,-200,,-200,-200,-200,,-200,-200,-200,-79,-200,-200,-200
?,8-17-2016 11:02:44,-200,-200,-200,-200,,-200,-200,-200,-80,-81,-200,-200,-200
?,8-17-2016 11:02:46,-200,-200,-200,-200,-200,,-200,-200,-80,-81,-200,-200,-200
?,8-17-2016 11:02:47,-200,-200,-200,-200,,-200,,-200,-73,-78,-200,-200,-200
?,8-17-2016 11:02:48,-200,-200,-200,,,,-200,-200,-77,-78,-200,-200,-200
?,8-17-2016 11:02:50,-200,-200,-200,,,-200,,-200,-72,-78,-200,-200,-200
?,8-17-2016 11:02:51,-200,-200,,-200,-200,-200,-200,-200,-69,-200,-200,-200,-200
?,8-17-2016 11:02:52,-200,-200,-200,-200,-200,,,-200,-76,-200,-200,-200,-200
?,8-17-2016 11:02:53,-200,-200,-200,-200,-200,-200,,-200,-74,-200,-200,-200,-200
?,8-17-2016 11:02:54,-200,-200,-200,-200,,,-200,-200,-61,-200,-200,-200,-200
?,8-17-2016 11:02:55,-200,-200,-200,,,,,-200,-66,-200,-200,-200,-200
?,8-17-2016 11:02:56,-200,-200,-200,-200,-200,,-200,-200,-70,-200,-200,-200,-200
?,8-17-2016 11:02:57,-200,-200,-200,-200,,,-200,-200,-66,-200,-200,-200,-200
?,8-17-2016 11:02:58,-200,-200,-200,,,,,-200,-68,-200,-200,-200,-200
?,8-17-2016 11:02:59,-200,-200,-200,,,-200,,-200,-63,-200,-200,-200,-200
?,8-17-2016 11:03:00,-200,-200,-200,-200,,,-200,-200,-66,-200,-200,-200,-200
?,8-17-2016 11:03:01,-200,-200,-200,-200,-200,-200,-200,-200,-76,-200,-200,-200,-200
?,8-17-2016 11:03:02,-200,-200,-200,-200,-200,,,-200,-68,-200,-200,-200,-200
?,8-17-2016 11:03:03,-200,-200,-200,-200,,,,-200,-68,-200,-200,-200,-200
?,8-17-2016 11:03:04,-200,-200,-200,,,,-200,-200,-76,-200,-200,-200,-200
?,8-17-2016 11:03:05,-200,-200,-200,-200,-200,-200,,-200,-76,-81,-200,-200,-200
?,8-17-2016 11:03:06,-200,-200,-200,-200,-200,-200,,-200,-71,-79,-200,-200,-200
?,8-17-2016 11:03:07,-200,-200,,-200,-200,-200,-200,-200,-78,-79,-200,-200,-200
?,8-17-2016 11:03:08,-200,-200,-200,-200,,,-200,-200,-74,-79,-200,-200,-200
?,8-17-2016 11:03:09,-200,-200,-200,-200,,,-200,-200,-74,-79,-200,-200,-200
?,8-17-2016 11:03:10,-200,-200,-200,,,,,-200,-78,-200,-200,-200,-200
?,8-17-2016 11:03:11,-200,-200,-200,,,,-200,-200,-68,-200,-200,-200,-200
?,8-17-2016 11:03:12,-200,-200,-200,-200,,,,-200,-74,-200,-200,-200,-200
?,8-17-2016 11:03:13,-200,-200,-200,,,,-200,-200,-71,-200,-200,-200,-200
?,8-17-2016 11:03:14,-200,-200,-200,-200,-200,-200,,-200,-70,-200,-200,-200,-200
?,8-17-2016 11:03:15,-200,-200,-200,-200,,,,-200,-72,-200,-200,-200,-200
?,8-17-2016 11:03:16,-200,-200,-200,-200,,-200,,-200,-74,-200,-200,-200,-200
?,8-17-2016 11:03:17,-200,-200,-200,,,-200,-200,-200,-74,-200,-200,-200,-200
?,8-17-2016 11:03:18,-200,-200,,-200,-200,,,-200,-67,-200,-200,-200,-200
?,8-17-2016 11:03:19,-200,,-200,-200,,,-200,-200,-64,-200,-200,-200,-200
?,8-17-2016 11:03:20,-200,-200,-200,-200,,,,-200,-69,-200,-200,-200,-200
?,8-17-2016 11:03:21,-200,-200,-200,-200,,-200,-200,-200,-68,-200,-200,-200,-200
?,8-17-2016 11:03:22,-200,-200,-200,,,-200,-200,-200,-66,-200,-200,-200,-200
?,8-17-2016 11:03:23,-200,-200,,-200,-200,-200,,-200,-74,-200,-200,-200,-200
?,8-17-2016 11:03:24,-200,-200,,,-200,,-200,-200,-68,-200,-200,-200,-200
?,8-17-2016 11:03:25,-200,-200,-200,-200,,,,-200,-77,-200,-200,-200,-200
?,8-17-2016 11:03:26,-200,-200,-200,,,-200,,-200,-73,-200,-200,-200,-200
?,8-17-2016 11:03:27,-200,-200,,,-200,,,-200,-69,-200,-200,-200,-200
?,8-17-2016 11:03:28,-200,-200,-200,-200,,-200,,-200,-69,-200,-200,-200,-200
?,8-17-2016 11:03:30,-200,-200,-200,-200,,,,-200,-77,-80,-200,-200,-200
?,8-17-2016 11:03:31,-200,-200,-200,,,,,-200,-77,-80,-200,-200,-200
?,8-17-2016 11:03:32,-200,-200,-200,,,,-200,-200,-75,-79,-200,-200,-200
?,8-17-2016 11:03:33,-200,-200,-200,-200,,,-200,-200,-75,-80,-200,-200,-200
?,8-17-2016 11:03:34,-200,-200,,-200,-200,,-200,-200,-77,-80,-200,-200,-200
?,8-17-2016 11:03:35,-200,-200,-200,-200,,,,-200,-78,-80,-200,-200,-200
?,8-17-2016 11:03:36,-200,-200,,-200,-200,,,-200,-81,-80,-200,-200,-200
?,8-17-2016 11:03:37,-200,-200,-200,-200,-200,,,-200,-70,-200,-200,-200,-200
?,8-17-2016 11:03:38,-90,-200,-200,-200,,,,-200,-70,-200,-200,-200,-200
?,8-17-2016 11:03:39,-87,-200,-200,-200,,,,-200,-81,-200,-200,-200,-200
?,8-17-2016 11:03:40,-82,-200,-200,-200,,,,-200,-81,-200,-200,-200,-200
?,8-17-2016 11:03:41,-82,-200,-200,-200,,,,-200,-77,-200,-200,-200,-200
?,8-17-2016 11:03:42,-82,-200,,-200,-200,,-200,-200,-77,-200,-200,-200,-200
?,8-17-2016 11:03:44,-77,-200,-200,-200,-200,,,-200,-80,-200,-200,-200,-200
?,8-17-2016 11:03:45,-77,-200,,,-200,-200,,-200,-80,-200,-200,-200,-200
?,8-17-2016 11:03:46,-82,-200,-200,,,,,-200,-76,-200,-200,-200,-200
?,8-17-2016 11:03:47,-82,-200,-200,,,,,-200,-76,-200,-200,-200,-200
?,8-17-2016 11:03:48,-82,-200,-200,-200,,-200,,-200,-81,-200,-200,-200,-200
?,8-17-2016 11:03:49,-77,-200,-200,,,-200,,-200,-79,-200,-200,-200,-200
?,8-17-2016 11:03:50,-77,-200,-200,,,,,-200,-79,-200,-200,-200,-200
?,8-17-2016 11:03:51,-73,-200,-200,,,,-200,-200,-79,-200,-200,-200,-200
?,8-17-2016 11:03:52,-73,-200,-200,-200,-200,,,-200,-79,-200,-200,-200,-200
?,8-17-2016 11:03:53,-75,-200,,-200,-200,,-200,-200,-200,-200,-200,-200,-200
?,8-17-2016 11:03:54,-75,-200,,,-200,-200,-200,-200,-200,-200,-200,-200,-200
?,8-17-2016 11:03:55,-85,-200,-200,,,-200,,-200,-200,-200,-200,-200,-200
?,8-17-2016 11:03:56,-77,-200,-200,,,-200,,-200,-200,-200,-200,-200,-200
?,8-17-2016 11:03:57,-77,-200,-200,-200,,,,-200,-200,-200,-200,-200,-200
?,8-17-2016 11:03:58,-80,-200,-200,-200,-200,,,-200,-200,-200,-200,-200,-200
?,8-17-2016 11:03:59,-81,-200,-200,-200,,,,-200,-200,-200,-200,-200,-200
?,8-17-2016 11:04:00,-80,-200,-200,-200,-200,,,-200,-200,-200,-200,-200,-200
?,8-17-2016 11:04:01,-80,-200,-200,,,,,-200,-200,-200,-200,-200,-200
?,8-17-2016 11:04:02,-80,-200,,,-200,-200,,-200,-200,-200,-200,-200,-200
?,8-17-2016 11:04:03,-80,-200,-200,,,-200,,-200,-200,-200,-200,-200,-200
?,9-14-2016 10:14:35,-78,-200,-200,-200,,,-200,-200,-200,-200,-200,-200,-200
?,9-14-2016 10:14:36,-76,-200,-200,-200,,,-200,-200,-200,-200,-200,-200,-200
?,9-14-2016 10:14:37,-76,-200,-200,-200,-200,,-200,-200,-200,-200,-200,-200,-200
?,9-14-2016 10:14:38,-75,-200,-200,-200,-200,-200,-200,-200,-200,-200,-200,-200,-200
?,9-14-2016 10:14:39,-75,-200,,-200,-200,,-200,-200,-200,-200,-200,-200,-200
?,9-14-2016 10:14:40,-80,-200,,,-200,,-200,-200,-200,-200,-200,-200,-200
?,9-14-2016 10:14:41,-76,-200,,,-200,,,-200,-200,-200,-200,-200,-200
?,9-14-2016 10:14:42,-76,-200,-200,-200,,-200,-200,-200,-74,-200,-200,-200,-200
?,9-14-2016 10:14:43,-76,-200,-200,-200,-200,,,-200,-78,-200,-200,-200,-200
?,9-14-2016 10:14:44,-76,-200,-200,-200,-200,-200,,-200,-78,-200,-200,-200,-200
?,9-14-2016 10:14:45,-200,-200,-200,,,,-200,-200,-77,-200,-200,-200,-200
?,9-14-2016 10:14:46,-200,-200,-200,,,-200,-200,-200,-72,-200,-200,-200,-200
?,9-14-2016 10:14:47,-200,-200,,,-200,-200,,-200,-74,-200,-200,-200,-200
?,9-14-2016 10:14:48,-200,-200,-200,-200,,,,-200,-71,-200,-200,-200,-200
?,9-14-2016 10:14:49,-200,-200,-200,-200,,-200,-200,-200,-69,-200,-200,-200,-200
?,9-14-2016 10:14:50,-200,-200,-200,-200,,,-200,-200,-68,-200,-200,-200,-200
?,9-14-2016 10:14:51,-200,-200,-200,-200,,,,-200,-75,-200,-200,-200,-200
?,9-14-2016 10:14:52,-200,-200,-200,-200,-200,-200,,-200,-63,-200,-200,-200,-200
?,9-14-2016 10:14:53,-200,-200,-200,-200,,-200,-200,-200,-71,-200,-200,-200,-200
?,9-14-2016 10:14:54,-200,-200,-200,-200,,-200,-200,-200,-64,-200,-200,-200,-200
?,9-14-2016 10:14:55,-200,-200,-200,-200,,,-200,-200,-72,-200,-200,-200,-200
?,9-14-2016 10:14:56,-200,-200,-200,-200,,,,-200,-73,-200,-200,-200,-200
?,9-14-2016 10:14:57,-200,-200,-200,-200,-200,-200,,-200,-69,-200,-200,-200,-200
?,9-14-2016 10:14:58,-200,-200,-200,-200,-200,-200,-200,-200,-68,-200,-200,-200,-200
?,9-14-2016 10:15:00,-200,-200,,-200,-200,-200,-200,-200,-71,-200,-200,-200,-200
?,9-14-2016 10:15:02,-200,-200,-200,-200,,-200,,-200,-67,-200,-200,-200,-200
?,9-14-2016 10:15:03,-200,-200,-200,,,,-200,-200,-73,-200,-200,-200,-200
?,9-14-2016 10:15:04,-200,-200,-200,-200,-200,,-200,-200,-71,-200,-200,-200,-200
?,9-14-2016 10:15:05,-200,-200,-200,-200,-200,-200,,-200,-71,-79,-200,-200,-200
?,9-14-2016 10:15:06,-200,-200,,-200,-200,-200,,-200,-71,-79,-200,-200,-200
?,9-14-2016 10:15:08,-200,-200,-200,-200,,,,-200,-200,-79,-200,-200,-200
?,9-14-2016 10:15:09,-200,-200,-200,,,,-200,-200,-200,-79,-200,-200,-200
?,9-14-2016 10:15:11,-200,-200,-200,-200,,,-200,-200,-79,-200,-200,-200,-200
?,9-14-2016 10:15:12,-200,-200,-200,,,,-200,-200,-79,-74,-200,-200,-200
?,9-14-2016 10:15:13,-200,-200,-200,-200,,,,-200,-82,-71,-200,-200,-200
?,9-14-2016 10:15:16,-200,-200,-200,-200,,-200,,-200,-76,-73,-200,-200,-200
?,9-14-2016 10:15:17,-200,-200,,-200,-200,-200,,-200,-76,-72,-200,-200,-200
?,9-14-2016 10:15:18,-200,-200,-200,-200,,,,-200,-200,-70,-200,-200,-200
?,9-14-2016 10:15:19,-200,-200,-200,,,,,-200,-200,-73,-200,-200,-200
?,9-14-2016 10:15:21,-200,-200,-200,-200,,,,-200,-200,-80,-75,-200,-200
?,9-14-2016 10:15:22,-200,-200,-200,-200,,,,-200,-200,-74,-75,-200,-200
?,9-14-2016 10:15:23,-200,-200,,,-200,-200,,-200,-200,-74,-77,-80,-200
?,9-14-2016 10:15:24,-200,-200,-200,-200,,,-200,-200,-200,-74,-71,-80,-200
?,9-14-2016 10:15:25,-200,-200,,-200,-200,,,-200,-200,-74,-71,-80,-200
?,9-14-2016 10:15:26,-200,-200,,,-200,,-200,-200,-200,-200,-68,-80,-200
?,9-14-2016 10:15:27,-200,-200,-200,,,,,-200,-200,-200,-67,-80,-200
?,9-14-2016 10:15:29,-200,-200,,-200,-200,,,-200,-200,-200,-63,-79,-200
?,9-14-2016 10:15:30,-200,-200,-200,-200,-200,,,-200,-200,-200,-72,-79,-200
?,9-14-2016 10:15:31,-200,-200,-200,-200,-200,-200,-200,-200,-200,-200,-78,-79,-200
?,9-14-2016 10:15:32,-200,-200,-200,,,,,-200,-200,-200,-81,-78,-200
?,9-14-2016 10:15:33,-200,-200,-200,-200,-200,,,-200,-200,-200,-76,-77,-79
?,9-14-2016 10:15:34,-200,-200,-200,-200,-200,,,-200,-200,-200,-79,-78,-81
?,9-14-2016 10:15:35,-200,-200,-200,-200,,,,-200,-200,-200,-79,-78,-80
?,9-14-2016 10:15:36,-200,-200,-200,-200,,,-200,-200,-200,-200,-79,-73,-80
?,9-14-2016 10:15:37,-200,-200,-200,,,-200,,-200,-200,-200,-79,-77,-79
?,9-14-2016 10:15:38,-200,-200,-200,-200,-200,,,-200,-200,-200,-79,-70,-80
?,9-14-2016 10:15:39,-200,-200,-200,-200,,,,-200,-200,-200,-79,-75,-81
?,9-14-2016 10:15:40,-200,-200,,-200,-200,,-200,-200,-200,-200,-200,-68,-80
?,9-14-2016 10:15:41,-200,-200,-200,-200,,,,-200,-200,-200,-200,-68,-80
?,9-14-2016 10:15:42,-200,-200,-200,-200,,,-200,-200,-200,-200,-200,-65,-80
?,9-14-2016 10:15:43,-200,-200,,-200,-200,-200,-200,-200,-200,-200,-200,-71,-81
?,9-14-2016 10:15:44,-200,-200,-200,-200,-200,,,-200,-200,-200,-200,-64,-80
?,9-14-2016 10:15:45,-200,-200,-200,-200,,,,-200,-200,-200,-200,-70,-80
?,9-14-2016 10:15:46,-200,-200,-200,-200,,,,-200,-200,-200,-200,-78,-80
?,9-14-2016 10:15:47,-200,-200,-200,-200,,,,-200,-200,-200,-200,-70,-80
?,9-14-2016 10:15:48,-200,-200,-200,,,,,-200,-200,-200,-200,-70,-76
?,9-14-2016 10:15:49,-200,-200,-200,,,,,-200,-200,-200,-200,-70,-79
?,9-14-2016 10:15:50,-200,-200,-200,-200,,,,-200,-200,-200,-200,-70,-81
?,9-14-2016 10:15:51,-200,-200,-200,,,,,-200,-200,-200,-200,-200,-80
?,9-14-2016 10:15:52,-200,-200,-200,-200,,,,-200,-200,-200,-200,-200,-78
?,9-14-2016 10:15:53,-200,-200,-200,-200,,,-200,-200,-200,-200,-200,-200,-71
?,9-14-2016 10:15:54,-200,-200,-200,,,-200,-200,-200,-200,-200,-200,-200,-77
?,9-14-2016 10:15:55,-200,-200,-200,,,,-200,-200,-200,-200,-200,-200,-71
?,9-14-2016 10:15:56,-200,-200,-200,,,,,-200,-200,-200,-200,-200,-75
?,9-14-2016 10:15:57,-200,-200,-200,-200,,,,-200,-200,-200,-200,-200,-72
?,9-14-2016 10:15:58,-200,-200,-200,-200,,,-200,-200,-200,-200,-200,-200,-76
?,9-14-2016 10:15:59,-200,-200,,-200,-200,-200,-200,-200,-200,-200,-200,-200,-74
?,9-14-2016 10:16:00,-200,-200,-200,,,,,-200,-200,-200,-200,-200,-70
?,9-14-2016 10:16:01,-200,-200,-200,-200,,-200,-200,-200,-200,-200,-200,-200,-71
?,9-14-2016 10:16:02,-200,-200,-200,-200,-200,,-200,-200,-200,-200,-200,-200,-71
?,9-14-2016 10:16:03,-200,-200,-200,-200,,-200,,-200,-200,-200,-200,-200,-75
?,9-14-2016 10:16:04,-200,-200,-200,,,-200,,-200,-200,-200,-200,-200,-75
?,9-14-2016 10:16:05,-200,-200,-200,-200,-200,,-200,-200,-200,-200,-200,-200,-72
?,9-14-2016 10:16:06,-200,-200,-200,,,,-200,-200,-200,-200,-200,-200,-72
?,9-14-2016 10:16:07,-200,-200,-200,-200,-200,,,-200,-200,-200,-200,-200,-72
?,9-14-2016 10:16:08,-200,-200,-200,-200,,,,-200,-200,-200,-200,-200,-72
?,9-14-2016 10:16:29,-200,-200,-200,-200,-200,,,-200,-200,-200,-200,-200,-200
?,9-14-2016 10:16:30,-200,-200,-200,-200,-200,,,-200,-200,-200,-200,-200,-200
?,9-14-2016 10:16:31,-200,-200,-200,-200,,,,-200,-200,-200,-200,-200,-200
?,9-14-2016 10:16:32,-200,-200,-200,-81,,,,-200,-200,-200,-200,-200,-200
?,9-14-2016 10:16:33,-200,-200,-200,-81,,,,-200,-200,-200,-200,-200,-200
?,9-14-2016 10:16:34,-200,-200,-200,-81,,,,-200,-200,-200,-200,-200,-200
?,9-14-2016 10:16:35,-200,-200,-200,-81,,,-72,-200,-200,-200,-200,-200,-200
?,9-14-2016 10:16:36,-200,-200,-200,-81,-200,,-72,-200,-200,-200,-200,-200,-200
?,9-14-2016 10:16:37,-200,-200,-200,-200,,,,-200,-200,-200,-200,-200,-200
?,9-14-2016 10:16:38,-200,-200,,-200,-200,,-74,-200,-200,-200,-200,-200,-200
?,9-14-2016 10:16:39,-200,-200,-200,-200,,,-77,-200,-200,-200,-200,-200,-200
?,9-14-2016 10:16:40,-200,-200,-200,-77,,-78,-73,-200,-200,-200,-200,-200,-200
?,9-14-2016 10:16:41,-200,-200,,-79,-200,,,-200,-200,-200,-200,-200,-200
?,9-14-2016 10:16:42,-200,-200,-200,,,-77,-73,-200,-200,-200,-200,-200,-200
?,9-14-2016 10:16:43,-200,-200,-200,-79,-200,,,-200,-200,-200,-200,-200,-200
?,9-14-2016 10:16:44,-200,-200,-200,-79,,,-73,-200,-200,-200,-200,-200,-200
?,9-14-2016 10:16:45,-200,-200,,,-200,,,-200,-200,-200,-200,-200,-200
?,9-14-2016 10:16:46,-200,-200,-200,-200,-200,,-73,-200,-200,-200,-200,-200,-200
?,9-14-2016 10:16:47,-200,-200,-200,-200,,,,-200,-200,-200,-200,-200,-200
?,9-14-2016 10:16:48,-200,-200,-200,-200,-200,,-200,-200,-200,-200,-200,-200,-200
?,9-14-2016 10:16:49,-200,-200,-200,-200,,,,-200,-200,-200,-200,-200,-200
?,9-14-2016 10:16:50,-200,-200,,,-200,,,-200,-200,-200,-200,-200,-200
?,9-14-2016 10:16:51,-200,-200,-200,-200,,,,-200,-200,-200,-200,-200,-200
?,9-14-2016 10:16:52,-200,-200,,-200,-200,,,-200,-200,-200,-200,-200,-200
?,9-14-2016 10:16:53,-200,-200,,-200,-200,,-200,-200,-200,-200,-200,-200,-200
?,9-14-2016 10:16:54,-200,-200,,-200,-200,,,-200,-200,-200,-200,-200,-200
?,9-14-2016 10:16:55,-200,-200,-200,,,,,-200,-200,-200,-200,-200,-200
?,9-14-2016 10:16:56,-200,-200,-200,-200,,,-200,-200,-200,-200,-200,-200,-200
?,9-14-2016 10:16:57,-200,-200,-200,-200,,,-200,-200,-200,-200,-200,-200,-200
?,9-14-2016 10:16:58,-200,-200,-200,-200,,-76,,-200,-200,-200,-200,-200,-200
?,9-14-2016 10:16:59,-200,-200,-88,-200,,,,-200,-200,-200,-200,-200,-200
?,9-14-2016 10:17:00,-200,-200,-81,-200,,-70,,-200,-200,-200,-200,-200,-200
?,9-14-2016 10:17:01,-200,-200,-84,-200,,,-200,-200,-200,-200,-200,-200,-200
?,9-14-2016 10:17:02,-200,-200,,-200,,,-200,-200,-200,-200,-200,-200,-200
?,9-14-2016 10:17:03,-200,-200,-84,-200,,,,-200,-200,-200,-200,-200,-200
?,9-14-2016 10:17:04,-200,-200,-84,-200,,-200,,-200,-200,-200,-200,-200,-200
?,9-14-2016 10:17:05,-200,-200,-200,-200,,-200,,-200,-200,-200,-200,-200,-200
?,9-14-2016 10:17:06,-200,-200,-200,,,,-79,-200,-200,-200,-200,-200,-200
?,9-14-2016 10:17:07,-200,-200,,,,,-79,-83,-200,-200,-200,-200,-200
?,9-14-2016 10:17:08,-84,-200,,-200,,,-79,-78,-200,-200,-200,-200,-200
?,9-14-2016 10:17:09,-79,-200,-200,,,,,-71,-200,-200,-200,-200,-200
?,9-14-2016 10:17:10,-79,-200,,-200,,,,-71,-200,-200,-200,-200,-200
?,9-14-2016 10:17:11,-79,-200,-200,,,,,-73,-200,-200,-200,-200,-200
?,9-14-2016 10:17:12,-76,-81,-200,-200,,-200,-200,-73,-200,-200,-200,-200,-200
?,9-14-2016 10:17:13,-76,-81,-200,-200,,,,-78,-200,-200,-200,-200,-200
?,9-14-2016 10:17:14,-68,-81,-200,-200,,-200,,-78,-200,-200,-200,-200,-200
?,9-14-2016 10:17:15,-68,-87,-200,-200,,,,-78,-200,-200,-200,-200,-200
?,9-14-2016 10:17:16,-72,-82,-200,-200,,,,-78,-200,-200,-200,-200,-200
?,9-14-2016 10:17:18,-69,-82,-200,,,,,-77,-200,-200,-200,-200,-200
?,9-14-2016 10:17:19,-69,-82,,-200,,,,-77,-200,-200,-200,-200,-200
?,9-14-2016 10:17:20,-69,-200,-200,-200,,,,-77,-200,-200,-200,-200,-200
?,9-14-2016 10:17:21,-70,-200,,-200,-200,,-200,-200,-200,-200,-200,-200,-200
?,9-26-2016 10:50:33,-80,-200,-200,-200,-200,,-200,-200,-200,-200,-200,-200,-200
?,9-26-2016 10:50:34,-80,-200,,,-200,-200,-200,-200,-200,-200,-200,-200,-200
?,9-26-2016 10:50:35,-79,-200,-200,-200,,,-200,-200,-200,-200,-200,-200,-200
?,9-26-2016 10:50:36,-79,-200,-200,-200,-200,,-200,-200,-200,-200,-200,-200,-200
?,9-26-2016 10:50:37,-79,-200,-200,-200,-200,,,-200,-200,-200,-200,-200,-200
?,9-26-2016 10:50:38,-79,-200,,-200,-200,,,-200,-200,-200,-200,-200,-200
?,9-26-2016 10:50:39,-79,-200,-200,-200,,,,-200,-200,-200,-200,-200,-200
?,9-26-2016 10:50:41,-78,-200,,-200,-200,-200,,-200,-200,-200,-200,-200,-200
?,9-26-2016 10:50:42,-79,-200,-200,-200,,-200,,-200,-200,-200,-200,-200,-200
?,9-26-2016 10:50:43,-70,-200,-200,,,,,-200,-200,-200,-200,-200,-200
?,9-26-2016 10:50:44,-69,-200,-200,-200,,,,-200,-200,-200,-200,-200,-200
?,9-26-2016 10:50:45,-69,-200,-200,-200,,-200,,-200,-200,-200,-200,-200,-200
?,9-26-2016 10:50:46,-68,-200,-200,-200,,-200,,-200,-200,-200,-200,-200,-200
?,9-26-2016 10:50:47,-67,-200,-200,,,,-200,-200,-200,-200,-200,-200,-200
?,9-26-2016 10:50:48,-76,-200,-200,-200,,-200,-200,-200,-200,-200,-200,-200,-200
?,9-26-2016 10:50:49,-76,-200,-200,-200,-200,,,-200,-200,-200,-200,-200,-200
?,9-26-2016 10:50:50,-71,-200,-200,,,,-200,-79,-79,-200,-200,-200,-200
?,9-26-2016 10:50:51,-75,-200,,-200,-200,,-200,-81,-79,-200,-200,-200,-200
?,9-26-2016 10:50:53,-74,-200,-200,-200,-200,-200,,-80,-79,-200,-200,-200,-200
?,9-26-2016 10:50:54,-74,-200,-200,-200,,-200,,-80,-79,-200,-200,-200,-200
?,9-26-2016 10:50:55,-74,-200,,,-200,-200,-200,-81,-200,-200,-200,-200,-200
?,9-26-2016 10:50:56,-74,-200,-200,-200,,-200,,-80,-200,-200,-200,-200,-200
?,9-26-2016 10:50:57,-200,-200,-200,-200,-200,,-200,-80,-200,-200,-200,-200,-200
?,9-26-2016 10:50:58,-200,-200,-200,-200,,,,-79,-200,-200,-200,-200,-200
?,9-26-2016 10:50:59,-200,-200,-200,-200,,,,-79,-200,-200,-200,-200,-200
?,9-26-2016 10:51:00,-200,-80,,-200,,-200,,-75,-200,-200,-200,-200,-200
?,9-26-2016 10:51:01,-200,-80,-200,-200,,,,-74,-200,-200,-200,-200,-200
?,9-26-2016 10:51:02,-86,-80,-200,,,-200,,-75,-200,-200,-200,-200,-200
?,9-26-2016 10:51:03,-81,-80,-200,-200,,,-200,-75,-200,-200,-200,-200,-200
?,9-26-2016 10:51:04,-79,-80,,-200,,,,-80,-200,-200,-200,-200,-200
?,9-26-2016 10:51:05,-79,-80,-200,-200,,-81,-200,-80,-200,-200,-200,-200,-200
?,9-26-2016 10:51:06,-79,-200,-200,-200,,,-200,-77,-200,-200,-200,-200,-200
?,9-26-2016 10:51:07,-79,-200,-200,-200,,-81,,-77,-200,-200,-200,-200,-200
?,9-26-2016 10:51:08,-200,-200,,,,,,-77,-200,-200,-200,-200,-200
?,9-26-2016 10:51:09,-200,-200,-200,,,,-200,-81,-200,-200,-200,-200,-200
?,9-26-2016 10:51:10,-200,-200,-200,-200,,,-200,-81,-200,-200,-200,-200,-200
?,9-26-2016 10:51:11,-200,-200,-200,-200,,-80,-200,-79,-200,-200,-200,-200,-200
?,9-26-2016 10:51:12,-200,-200,-200,,,,,-79,-200,-200,-200,-200,-200
?,9-26-2016 10:51:13,-200,-200,,,,,-200,-79,-200,-200,-200,-200,-200
?,9-26-2016 10:51:14,-200,-200,,,,-80,,-79,-200,-200,-200,-200,-200
?,9-26-2016 10:51:15,-200,-200,-200,-200,,-79,-200,-200,-200,-200,-200,-200,-200
?,9-26-2016 10:51:16,-200,-200,-200,-200,,,-200,-200,-200,-200,-200,-200,-200
?,9-26-2016 10:51:17,-200,-200,-200,-200,,-75,,-200,-200,-200,-200,-200,-200
?,9-26-2016 10:51:18,-200,-200,-200,-200,,,-200,-200,-200,-200,-200,-200,-200
?,9-26-2016 10:51:19,-200,-200,-200,-200,,,,-200,-200,-200,-200,-200,-200
?,9-26-2016 10:51:20,-200,-200,-200,-200,,,,-200,-200,-200,-200,-200,-200
?,9-26-2016 10:51:21,-200,-200,,-200,,-67,,-200,-200,-200,-200,-200,-200
?,9-26-2016 10:51:22,-200,-200,-200,-200,,,,-200,-200,-200,-200,-200,-200
?,9-26-2016 10:51:23,-200,-200,-200,,,,,-200,-200,-200,-200,-200,-200
?,9-26-2016 10:51:24,-200,-200,-200,-200,-200,,,-200,-200,-200,-200,-200,-200
?,9-26-2016 10:51:25,-200,-81,-200,-200,,-72,,-200,-200,-200,-200,-200,-200
?,9-26-2016 10:51:26,-200,-80,-200,-200,,,,-200,-200,-200,-200,-200,-200
?,9-26-2016 10:51:27,-200,-80,,-200,,,-200,-200,-200,-200,-200,-200,-200
?,9-26-2016 10:51:28,-200,-80,-200,-200,,,,-200,-200,-200,-200,-200,-200
?,9-26-2016 10:51:29,-200,-80,-200,-200,,,-78,-200,-200,-200,-200,-200,-200
?,9-26-2016 10:51:30,-200,-80,,-200,,,,-200,-200,-200,-200,-200,-200
?,9-26-2016 10:51:31,-200,-80,-200,-200,,,-84,-200,-200,-200,-200,-200,-200
?,9-26-2016 10:51:32,-200,-200,,,-200,,-80,-200,-200,-200,-200,-200,-200
?,9-26-2016 10:51:33,-200,-200,-81,-200,-200,,,-200,-200,-200,-200,-200,-200
?,9-26-2016 10:51:34,-200,-200,-81,-200,-200,,,-200,-200,-200,-200,-200,-200
?,9-26-2016 10:51:35,-200,-200,,-200,-200,,,-200,-200,-200,-200,-200,-200
?,9-26-2016 10:51:36,-200,-200,-81,,-200,,,-200,-200,-200,-200,-200,-200
?,9-26-2016 10:51:37,-200,-200,,-200,-200,,,-200,-200,-200,-200,-200,-200
?,9-26-2016 10:51:38,-200,-200,-200,,,,,-200,-200,-200,-200,-200,-200
?,9-26-2016 10:51:39,-200,-200,-200,-200,,,,-200,-200,-200,-200,-200,-200
?,9-26-2016 10:51:40,-200,-200,-200,-200,,,-68,-200,-200,-200,-200,-200,-200
?,9-26-2016 10:51:41,-200,-200,-200,-200,,-79,,-200,-200,-200,-200,-200,-200
?,9-26-2016 10:51:42,-200,-200,-200,-200,-200,,-71,-200,-200,-200,-200,-200,-200
?,9-26-2016 10:51:43,-200,-200,,,-200,,,-200,-200,-200,-200,-200,-200
?,9-26-2016 10:51:44,-200,-200,,-200,-200,,-70,-200,-200,-200,-200,-200,-200
?,9-26-2016 10:51:45,-200,-200,-200,,,,-74,-200,-200,-200,-200,-200,-200
?,9-26-2016 10:51:46,-200,-200,-200,-200,-200,,,-200,-200,-200,-200,-200,-200
?,9-26-2016 10:51:47,-200,-200,-200,-200,-200,,,-200,-200,-200,-200,-200,-200
?,9-26-2016 10:51:48,-200,-200,-200,-200,,-200,-67,-200,-200,-200,-200,-200,-200
?,9-26-2016 10:51:49,-200,-200,-200,,,,,-200,-200,-200,-200,-200,-200
?,9-26-2016 10:51:51,-200,-200,-200,-82,,-81,,-200,-200,-200,-200,-200,-200
?,9-26-2016 10:51:52,-200,-200,-200,-80,,-80,-66,-200,-200,-200,-200,-200,-200
?,9-26-2016 10:51:53,-200,-200,-200,-76,,,,-200,-200,-200,-200,-200,-200
?,9-26-2016 10:51:54,-200,-200,-200,-78,,,-66,-200,-200,-200,-200,-200,-200
?,9-26-2016 10:51:55,-200,-200,,-79,-200,,,-200,-200,-200,-200,-200,-200
?,9-26-2016 10:51:56,-200,-200,-200,-79,,,,-200,-200,-200,-200,-200,-200
?,9-26-2016 10:51:59,-200,-200,-200,,,,-70,-200,-200,-200,-200,-200,-200
?,9-26-2016 10:52:00,-200,-200,-200,,,,,-200,-200,-200,-200,-200,-200
?,9-26-2016 10:52:01,-200,-200,-200,-80,,-79,,-200,-200,-200,-200,-200,-200
?,9-26-2016 10:52:02,-200,-200,-200,,,,,-200,-200,-200,-200,-200,-200
?,9-26-2016 10:52:03,-200,-200,-200,-79,,-71,-74,-200,-200,-200,-200,-200,-200
?,9-26-2016 10:52:04,-200,-200,-200,,,-76,,-200,-200,-200,-200,-200,-200
?,9-26-2016 10:52:05,-200,-200,-200,,,-76,-74,-200,-200,-200,-200,-200,-200
?,9-26-2016 10:52:06,-200,-200,-200,-200,,,,-200,-200,-200,-200,-200,-200
?,9-26-2016 10:52:07,-200,-200,-200,,,,,-200,-200,-200,-200,-200,-200
?,9-26-2016 10:52:08,-200,-200,-200,-200,,,,-200,-200,-200,-200,-200,-200
?,9-26-2016 10:52:09,-200,-200,-200,,,,,-200,-200,-200,-200,-200,-200
?,9-26-2016 10:52:10,-200,-200,-200,-200,,,-79,-200,-200,-200,-200,-200,-200
?,9-26-2016 10:52:11,-200,-200,,,-200,,-79,-200,-200,-200,-200,-200,-200
?,9-26-2016 10:52:12,-200,-200,-200,-200,-200,,,-200,-200,-200,-200,-200,-200
?,9-26-2016 10:52:13,-200,-200,-200,-200,,,,-200,-200,-200,-200,-200,-200
?,9-26-2016 10:52:14,-200,-200,-200,-200,,,-200,-200,-200,-200,-200,-200,-200
?,9-26-2016 10:52:15,-200,-200,-200,-200,,-75,,-200,-200,-200,-200,-200,-200
?,9-26-2016 10:52:16,-200,-200,-200,,,,-200,-200,-200,-200,-200,-200,-200
?,9-26-2016 10:52:17,-200,-200,-200,-200,,,,-200,-200,-200,-200,-200,-200
?,9-26-2016 10:52:18,-200,-200,-200,-200,-200,-68,,-200,-200,-200,-200,-200,-200
?,9-26-2016 10:52:19,-200,-200,,-200,-200,-74,,-200,-200,-200,-200,-200,-200
?,9-26-2016 10:52:20,-200,-200,-200,,,-72,,-200,-200,-200,-200,-200,-200
?,9-26-2016 10:52:21,-200,-200,-200,-200,,,,-200,-200,-200,-200,-200,-200
?,9-26-2016 10:52:22,-200,-200,-200,-200,,,,-76,-200,-200,-200,-200,-200
?,9-26-2016 10:52:23,-200,-200,,-200,,,-200,-78,-200,-200,-200,-200,-200
?,9-26-2016 10:52:24,-200,-200,-200,-200,,-78,,-79,-200,-200,-200,-200,-200
?,9-26-2016 10:52:25,-200,-200,-200,,,-77,,-79,-200,-200,-200,-200,-200
?,9-26-2016 10:52:26,-200,-200,,-200,,,,-79,-200,-200,-200,-200,-200
?,9-26-2016 10:52:27,-200,-200,-200,-200,,,-200,-79,-200,-200,-200,-200,-200
?,9-26-2016 10:52:28,-200,-81,-200,-200,,,-200,-200,-200,-200,-200,-200,-200
?,9-26-2016 10:52:29,-200,-85,-200,,,,-200,-200,-200,-200,-200,-200,-200
?,9-26-2016 10:52:30,-200,-81,,-200,,-78,,-200,-200,-200,-200,-200,-200
?,9-26-2016 10:52:31,-200,-81,-200,-200,,,,-200,-200,-200,-200,-200,-200
?,9-26-2016 10:52:32,,-81,-200,-200,,,,-200,-200,-200,-200,-200,-200
?,9-26-2016 10:52:33,-200,-82,,-200,,,-200,-200,-200,-200,-200,-200,-200
?,9-26-2016 10:52:34,-78,-79,-200,-200,,,,-200,-200,-200,-200,-200,-200
?,9-26-2016 10:52:35,-78,-79,,-200,,,,-200,-200,-200,-200,-200,-200
?,9-26-2016 10:52:36,-76,-81,-200,-200,,,-200,-200,-200,-200,-200,-200,-200
?,9-26-2016 10:52:37,-76,-81,-200,,,,,-200,-200,-200,-200,-200,-200
?,9-26-2016 10:52:38,-78,-81,,-200,,,,-200,-200,-200,-200,-200,-200
?,9-26-2016 10:52:39,-74,-81,-200,-200,,,-200,-200,-200,-200,-200,-200,-200
?,9-26-2016 10:52:40,-74,-200,-200,-200,,-200,,-200,-200,-200,-200,-200,-200
?,9-26-2016 10:52:41,-76,-200,-200,-200,,,-200,-200,-200,-200,-200,-200,-200
?,9-26-2016 10:52:42,-76,-200,-200,-200,,,,-200,-200,-200,-200,-200,-200
?,9-26-2016 10:52:43,-76,-200,-200,-200,,,-200,-200,-200,-200,-200,-200,-200
?,9-26-2016 10:52:44,-76,-200,,-200,-200,,,-200,-200,-200,-200,-200,-200
?,9-26-2016 10:52:45,-200,-200,-200,-200,,-200,,-79,-200,-200,-200,-200,-200
?,9-26-2016 10:52:46,-200,-200,-200,-200,-200,,,-79,-200,-200,-200,-200,-200
?,9-26-2016 10:52:47,-74,-200,-200,-200,,,-200,-79,-200,-200,-200,-200,-200
?,9-26-2016 10:52:48,-78,-200,-200,,,-200,-200,-79,-200,-200,-200,-200,-200
?,9-26-2016 10:52:49,-75,-200,-200,,,-200,-200,-79,-200,-200,-200,-200,-200
?,9-26-2016 10:52:50,-75,-200,,-200,-200,,-200,-200,-200,-200,-200,-200,-200
?,9-26-2016 10:52:51,-75,-200,-200,-200,,,,-200,-200,-200,-200,-200,-200
?,9-26-2016 10:52:52,-75,-200,-200,,,,,-200,-200,-200,-200,-200,-200
?,9-27-2016 10:13:52,-200,-200,,-200,,,-200,-200,-200,-200,-200,-200,-200
?,9-27-2016 10:13:54,-82,-81,-200,-200,,,-200,-62,-200,-200,-200,-200,-200
?,9-27-2016 10:13:55,-82,-83,-200,-200,,-88,-200,-62,-200,-200,-200,-200,-200
?,9-27-2016 10:13:56,-82,-82,-200,-200,,,-200,-72,-200,-200,-200,-200,-200
?,9-27-2016 10:13:57,-82,-82,-200,,,,-200,-67,-200,-200,-200,-200,-200
?,9-27-2016 10:13:58,-82,-82,-200,-200,,,-200,-64,-200,-200,-200,-200,-200
?,9-27-2016 10:13:59,-200,-82,,-200,-200,,-200,-68,-200,-79,-200,-200,-200
?,9-27-2016 10:14:00,-200,-200,-200,-200,,,,-72,-200,-79,-200,-200,-200
?,9-27-2016 10:14:01,-200,-200,-200,-200,,-200,,-77,-200,-79,-200,-200,-200
?,9-27-2016 10:14:02,-200,-200,-200,-200,,,,-79,-200,-75,-200,-200,-200
?,9-27-2016 10:14:03,-200,-200,-200,-200,-200,,-200,-77,-200,-78,-200,-200,-200
?,9-27-2016 10:14:04,-200,-200,-200,,,-200,,-75,-200,-75,-200,-200,-200
?,9-27-2016 10:14:05,-200,-200,-200,,,-200,,-75,-200,-79,-200,-200,-200
?,9-27-2016 10:14:06,-200,-200,-200,-200,,-200,,-79,-200,-77,-200,-200,-200
?,9-27-2016 10:14:07,-200,-200,-200,-200,,-200,,-78,-200,-76,-200,-200,-200
?,9-27-2016 10:14:08,-200,-200,-200,-200,,,-200,-78,-200,-77,-81,-200,-200
?,9-27-2016 10:14:10,-200,-200,-200,-200,-200,,-200,-78,-200,-75,-81,-200,-200
?,9-27-2016 10:14:11,-200,-200,-200,-200,,,-200,-78,-200,-66,-81,-200,-200
?,9-27-2016 10:14:12,-200,-200,,-200,-200,,-200,-200,-200,-76,-81,-200,-200
?,9-27-2016 10:14:13,-200,-200,-200,-200,-200,-200,,-200,-200,-72,-85,-200,-200
?,9-27-2016 10:14:14,-200,-200,-200,-200,,,-200,-200,-200,-73,-81,-200,-200
?,9-27-2016 10:14:15,-200,-200,,,-200,-200,-200,-200,-200,-72,-82,-200,-200
?,9-27-2016 10:14:16,-200,-200,-200,,,,,-200,-200,-78,-78,-200,-200
?,9-27-2016 10:14:17,-200,-200,-200,,,,-200,-200,-200,-73,-83,-80,-200
?,9-27-2016 10:14:18,-200,-200,-200,-200,,-200,,-200,-83,-73,-85,-80,-200
?,9-27-2016 10:14:19,-200,-200,-200,-200,,-200,,-200,-83,-79,-79,-80,-200
?,9-27-2016 10:14:20,-200,-200,-200,,,,-200,-200,-83,-76,-77,-80,-200
?,9-27-2016 10:14:21,-200,-200,,-200,-200,,,-200,-83,-77,-81,-80,-200
?,9-27-2016 10:14:23,-200,-200,,-200,-200,,,-200,-83,-76,-81,-200,-200
?,9-27-2016 10:14:24,-200,-200,-200,-200,,-200,,-200,-200,-76,-69,-200,-200
?,9-27-2016 10:14:26,-200,-200,-200,-200,,,-200,-200,-200,-200,-64,-79,-200
?,9-27-2016 10:14:27,-200,-200,-200,-200,-200,,-200,-200,-200,-200,-68,-79,-200
?,9-27-2016 10:14:28,-200,-200,-200,,,,,-200,-200,-200,-78,-79,-200
?,9-27-2016 10:14:29,-200,-200,-200,-200,,,,-200,-200,-200,-81,-79,-200
?,9-27-2016 10:14:30,-200,-200,-200,-200,,-200,,-200,-200,-200,-71,-79,-74
?,9-27-2016 10:14:31,-200,-200,-200,-200,,,,-200,-200,-200,-71,-200,-74
?,9-27-2016 10:14:32,-200,-200,-200,,,,-200,-200,-200,-200,-71,-200,-74
?,9-27-2016 10:14:33,-200,-200,-200,-200,,-200,,-200,-200,-80,-71,-79,-74
?,9-27-2016 10:14:34,-200,-200,-200,-200,-200,,,-200,-200,-77,-200,-79,-74
?,9-27-2016 10:14:35,-200,-200,-200,,,,-200,-200,-200,-77,-200,-79,-200
?,9-27-2016 10:14:36,-200,-200,,-200,-200,,,-200,-200,-77,-200,-68,-81
?,9-27-2016 10:14:37,-200,-200,-200,-200,,,,-200,-200,-77,-200,-68,-77
?,9-27-2016 10:14:38,-200,-200,-200,-200,-200,,,-200,-200,-200,-200,-75,-77
?,9-27-2016 10:14:39,-200,-200,-200,-200,,-200,-200,-200,-200,-200,-200,-62,-77
?,9-27-2016 10:14:41,-200,-200,-200,-200,,-200,,-200,-200,-200,-200,-76,-200
?,9-27-2016 10:14:42,-200,-200,,-200,-200,,-200,-200,-200,-200,-200,-72,-200
?,9-27-2016 10:14:43,-200,-200,-200,-200,,-200,,-200,-200,-200,-200,-80,-200
?,9-27-2016 10:14:44,-200,-200,-200,-200,,,-200,-200,-200,-200,-200,-71,-80
?,9-27-2016 10:14:45,-200,-200,-200,,,,,-200,-200,-200,-200,-71,-80
?,9-27-2016 10:14:46,-200,-200,,-200,-200,,,-200,-200,-200,-200,-71,-79
?,9-27-2016 10:14:47,-200,-200,-200,-200,-200,-200,-200,-200,-200,-200,-200,-71,-74
?,9-27-2016 10:14:48,-200,-200,-200,,,,,-200,-200,-200,-200,-200,-76
?,9-27-2016 10:14:49,-200,-200,-200,-200,,-200,,-200,-200,-200,-200,-200,-78
?,9-27-2016 10:14:50,-200,-200,-200,-200,,,,-200,-200,-200,-200,-81,-77
?,9-27-2016 10:14:51,-200,-200,-200,-200,,,,-200,-200,-200,-200,-75,-77
?,9-27-2016 10:14:52,-200,-200,,-200,-200,,,-200,-200,-200,-200,-75,-77
?,9-27-2016 10:14:53,-200,-200,,-200,-200,,-200,-200,-200,-200,-200,-75,-76
?,9-27-2016 10:14:54,-200,-200,-200,-200,,,,-200,-200,-200,-200,-75,-77
?,9-27-2016 10:14:55,-200,-200,-200,,,-200,,-200,-200,-200,-200,-77,-68
?,9-27-2016 10:14:56,-200,-200,-200,,,,-200,-200,-200,-200,-200,-77,-74
?,9-27-2016 10:14:57,-200,-200,-200,-200,,,-200,-200,-200,-200,-200,-77,-78
?,9-27-2016 10:14:58,-200,-200,,,-200,,-200,-200,-200,-200,-200,-77,-70
?,9-27-2016 10:14:59,-200,-200,,-200,-200,,,-200,-200,-200,-200,-77,-73
?,9-27-2016 10:15:00,-200,-200,-200,-200,,,,-200,-200,-200,-200,-200,-69
?,9-27-2016 10:15:01,-200,-200,-200,-200,,,-200,-200,-200,-200,-200,-200,-68
?,9-27-2016 10:15:02,-200,-200,-200,-200,,,,-200,-200,-200,-200,-200,-71
?,9-27-2016 10:15:03,-200,-200,-200,,,,,-200,-200,-200,-200,-200,-70
?,9-27-2016 10:15:04,-200,-200,-200,-200,,,-200,-200,-200,-200,-200,-200,-70
?,9-27-2016 10:15:05,-200,-200,,,-200,,-200,-200,-200,-200,-200,-200,-64
?,9-27-2016 10:15:06,-200,-200,-200,,,,,-200,-200,-200,-200,-200,-69
?,9-27-2016 10:15:07,-200,-200,-200,,,,-200,-200,-200,-200,-200,-200,-76
?,9-27-2016 10:15:08,-200,-200,-200,-200,-200,,,-200,-200,-200,-200,-200,-66
?,9-27-2016 10:15:09,-200,-200,-200,,,,-200,-200,-200,-200,-200,-200,-69
?,9-27-2016 10:15:10,-200,-200,-200,,,-200,-200,-200,-200,-200,-200,-200,-70
?,9-27-2016 10:15:11,-200,-200,-200,,,,,-200,-200,-200,-200,-200,-74
?,9-27-2016 10:15:12,-200,-200,-200,-200,,,,-200,-200,-200,-200,-200,-75
?,9-27-2016 10:15:13,-200,-200,-200,-200,-200,,-200,-200,-200,-200,-200,-200,-73
?,9-27-2016 10:15:14,-200,-200,-200,,,,,-200,-200,-200,-200,-200,-69
?,9-27-2016 10:15:15,-200,-200,-200,,,,-200,-200,-200,-200,-200,-200,-69
?,9-27-2016 10:15:16,-200,-200,-200,-200,,-200,-200,-200,-200,-200,-200,-200,-71
?,9-27-2016 10:15:17,-200,-200,-200,-200,-200,-200,-200,-200,-200,-200,-200,-200,-66
?,9-27-2016 10:15:18,-200,-200,-200,-200,-200,,-200,-200,-200,-200,-200,-200,-66
?,9-27-2016 10:15:19,-200,-200,-200,-200,,,-200,-200,-200,-200,-200,-200,-65
?,9-27-2016 10:15:20,-200,-200,-200,-200,,,-200,-200,-200,-200,-200,-200,-65
?,9-27-2016 10:15:21,-200,-200,-200,-200,-200,,,-200,-200,-200,-200,-200,-65
?,9-27-2016 10:15:22,-200,-200,-200,-200,,-200,-200,-200,-200,-200,-200,-200,-66
?,9-27-2016 10:15:23,-200,-200,-200,-200,-200,,,-200,-200,-200,-200,-200,-66
?,9-27-2016 10:15:24,-200,-200,-200,-200,,,-200,-200,-200,-200,-200,-200,-65
?,9-27-2016 10:15:25,-200,-200,,-200,-200,,,-200,-200,-200,-200,-200,-65
?,9-27-2016 10:15:26,-200,-200,-200,-200,-200,,,-200,-200,-200,-200,-200,-69
?,9-27-2016 10:15:27,-200,-200,,-200,-200,,,-200,-200,-200,-200,-200,-69
?,9-27-2016 10:15:28,-200,-200,,-200,-200,,-200,-200,-200,-200,-200,-200,-68
?,9-27-2016 10:15:29,-200,-200,-200,-200,-200,,,-200,-200,-200,-200,-200,-68
?,9-27-2016 10:15:30,-200,-200,-200,-200,-200,,-200,-200,-200,-200,-200,-200,-66
?,9-27-2016 10:15:31,-200,-200,-200,-200,,-200,-200,-200,-200,-200,-200,-200,-66
?,9-27-2016 10:15:32,-200,-200,-200,-200,,,-200,-200,-200,-200,-200,-200,-66
?,9-27-2016 10:15:33,-200,-200,-200,,,-200,,-200,-200,-200,-200,-200,-65
?,9-27-2016 10:15:34,-200,-200,-200,-200,,,-200,-200,-200,-200,-200,-200,-65
?,9-27-2016 10:15:35,-200,-200,-200,-200,,,-200,-200,-200,-200,-200,-200,-70
?,9-27-2016 10:15:36,-200,-200,,-200,-200,,,-200,-200,-200,-200,-200,-73
?,9-27-2016 10:15:37,-200,-200,-200,-200,,-200,,-200,-200,-200,-200,-200,-72
?,9-27-2016 10:15:38,-200,-200,-200,-200,,,,-200,-200,-200,-200,-200,-72
?,9-27-2016 10:15:39,-200,-200,,-200,-200,,-200,-200,-200,-200,-200,-200,-63
?,9-27-2016 10:15:40,-200,-200,-200,-200,,-200,,-200,-200,-200,-200,-200,-63
?,9-27-2016 10:15:41,-200,-200,-200,,,-200,-200,-200,-200,-200,-200,-200,-68
?,9-27-2016 10:15:42,-200,-200,-200,-200,,,-200,-200,-200,-200,-200,-200,-71
?,9-27-2016 10:15:43,-200,-200,-200,-200,-200,,-200,-200,-200,-200,-200,-200,-80
?,9-27-2016 10:15:44,-200,-200,,,-200,,,-200,-200,-200,-200,-200,-81
?,9-27-2016 10:15:45,-200,-200,,-200,-200,,,-200,-200,-200,-200,-200,-81
?,9-27-2016 10:15:46,-200,-200,,-200,-200,,,-200,-200,-200,-200,-200,-81
?,9-27-2016 10:15:47,-200,-200,,-200,-200,,,-200,-200,-200,-200,-200,-79
?,9-27-2016 10:15:48,-200,-200,,-200,-200,,-200,-200,-200,-200,-200,-200,-79
?,9-27-2016 10:15:49,-200,-200,-200,,,,,-200,-200,-200,-200,-200,-79
?,9-27-2016 10:15:50,-200,-200,-200,-200,,,-200,-200,-200,-200,-200,-74,-79
?,9-27-2016 10:15:51,-200,-200,,,-200,,,-200,-200,-200,-200,-73,-200
?,9-27-2016 10:15:52,-200,-200,-200,-200,,-200,-200,-200,-200,-200,-200,-73,-200
?,9-27-2016 10:15:53,-200,-200,-200,-200,,,-200,-200,-200,-200,-200,-77,-88
?,9-27-2016 10:15:54,-200,-200,-200,,,,-200,-200,-200,-200,-200,-76,-87
?,9-27-2016 10:15:55,-200,-200,-200,-200,,,,-200,-200,-200,-200,-75,-84
?,9-27-2016 10:15:56,-200,-200,-200,-200,-200,,-200,-200,-200,-200,-200,-68,-84
?,9-27-2016 10:15:57,-200,-200,-200,,,-200,-200,-200,-200,-200,-200,-69,-84
?,9-27-2016 10:15:58,-200,-200,-200,-200,,-200,,-200,-200,-200,-200,-78,-84
?,9-27-2016 10:15:59,-200,-200,,-200,-200,,-200,-200,-200,-86,-200,-76,-87
?,9-27-2016 10:16:00,-200,-200,-200,-200,,,-200,-200,-200,-85,-200,-76,-87
?,9-27-2016 10:16:01,-200,-200,-200,-200,,-200,-200,-200,-200,-81,-200,-80,-86
?,9-27-2016 10:16:02,-200,-200,-200,-200,,,-200,-200,-200,-81,-200,-81,-86
?,9-27-2016 10:16:09,-200,-200,,-200,-200,,,-200,-200,-81,-200,-78,-86
?,9-27-2016 10:16:10,-200,-200,-200,-200,,,,-200,-200,-81,-200,-78,-86
?,9-27-2016 10:16:11,-200,-200,-200,-200,-200,,,-200,-200,-200,-200,-78,-200
?,9-27-2016 10:16:12,-200,-200,,-200,-200,,-200,-200,-200,-200,-200,-78,-200
?,9-27-2016 10:16:23,-200,-200,-200,-200,,,-200,-200,-200,-200,-200,-200,-200
?,9-27-2016 10:16:24,-200,-200,-200,-200,-200,,,-200,-200,-200,-200,-200,-200
?,9-27-2016 10:16:25,-200,-200,-200,-200,-200,,,-80,-200,-200,-200,-200,-200
?,9-27-2016 10:16:26,-200,-200,,-200,-200,,-200,-80,-200,-200,-200,-200,-200
?,9-27-2016 10:16:27,-200,-200,-200,,,-73,-200,-78,-200,-200,-200,-200,-200
?,9-27-2016 10:16:28,-200,-200,-200,-200,,,,-78,-200,-200,-200,-200,-200
?,9-27-2016 10:16:29,-200,-200,-200,-200,-200,,,-78,-200,-200,-200,-200,-200
?,9-27-2016 10:16:30,-200,-200,-200,-79,,-73,,-78,-200,-200,-200,-200,-200
?,9-27-2016 10:16:31,-200,-200,-200,,,-69,-80,-200,-200,-200,-200,-200,-200
?,9-27-2016 10:16:32,-200,-200,-200,-79,,,,-200,-200,-200,-200,-200,-200
?,9-27-2016 10:16:33,-200,-200,-200,,,,-80,-200,-200,-200,-200,-200,-200
?,9-27-2016 10:16:34,-200,-200,,,-200,,-80,-200,-200,-200,-200,-200,-200
?,9-27-2016 10:16:35,-200,-200,-200,-79,-200,-75,-200,-200,-200,-200,-200,-200,-200
?,9-27-2016 10:16:36,-200,-200,-200,,,,,-200,-200,-200,-200,-200,-200
?,9-27-2016 10:16:37,-200,-200,,-200,-200,,-200,-200,-200,-200,-200,-200,-200
?,9-27-2016 10:16:38,-200,-200,-200,,,-72,,-200,-200,-200,-200,-200,-200
?,9-27-2016 10:16:39,-200,-200,-200,,,,,-200,-200,-200,-200,-200,-200
?,9-27-2016 10:16:40,-200,-200,,,-200,-72,-200,-200,-200,-200,-200,-200,-200
?,9-27-2016 10:16:41,-200,-200,-200,-200,,,,-200,-200,-200,-200,-200,-200
?,9-27-2016 10:16:42,-200,-200,-200,-200,,-78,,-80,-200,-200,-200,-200,-200
?,9-27-2016 10:16:43,-200,-200,,-200,,,,-80,-200,-200,-200,-200,-200
?,9-27-2016 10:16:44,-200,-200,-200,-200,,,,-80,-200,-200,-200,-200,-200
?,9-27-2016 10:16:45,-200,-200,-200,,,,-200,-80,-200,-200,-200,-200,-200
?,9-27-2016 10:16:46,-200,-200,,-200,,-74,,-80,-200,-200,-200,-200,-200
?,9-27-2016 10:16:47,-200,-200,-200,-200,,,-200,-80,-200,-200,-200,-200,-200
?,9-27-2016 10:16:48,-200,-200,,-200,,-78,-200,-200,-200,-200,-200,-200,-200
?,9-27-2016 10:16:49,-200,-200,-200,,,,-200,-200,-200,-200,-200,-200,-200
?,9-27-2016 10:16:50,-200,-200,-200,,,,-200,-200,-200,-200,-200,-200,-200
?,9-27-2016 10:16:51,-200,-200,-200,-200,,,-200,-77,-200,-200,-200,-200,-200
?,9-27-2016 10:16:52,-79,-200,-200,-200,,-75,,-76,-200,-200,-200,-200,-200
?,9-27-2016 10:16:53,-79,-85,-200,-200,,,-200,-78,-200,-200,-200,-200,-200
?,9-27-2016 10:16:54,-80,-81,-200,,,,,-78,-200,-200,-200,-200,-200
?,9-27-2016 10:16:55,-80,-82,-200,-200,,,,-78,-200,-200,-200,-200,-200
?,9-27-2016 10:16:56,-80,-82,-200,,,,,-78,-200,-83,-200,-200,-200
?,9-27-2016 10:16:57,-81,-82,-200,,,-200,-200,-77,-200,-81,-200,-200,-200
?,9-27-2016 10:16:58,-75,-77,-200,,,,,-75,-200,-83,-200,-200,-200
?,9-27-2016 10:16:59,-75,-77,,,,,,-71,-200,-83,-200,-200,-200
?,9-27-2016 10:17:00,-71,-85,-200,-200,,,,-71,-200,-83,-200,-200,-200
?,9-27-2016 10:17:01,-72,-81,-200,,,,,-78,-200,-83,-200,-200,-200
?,9-27-2016 10:17:02,-77,-81,-200,,,-200,,-78,-200,-200,-200,-200,-200
?,9-27-2016 10:17:03,-73,-81,-200,,,,-200,-75,-200,-200,-200,-200,-200
?,9-27-2016 10:17:04,-73,-81,-200,-200,,,,-75,-200,-200,-200,-200,-200
?,9-27-2016 10:17:05,-75,-200,,-200,-200,,,-75,-200,-200,-200,-200,-200
?,9-27-2016 10:17:06,-76,-200,-200,,,,-200,-75,-200,-200,-200,-200,-200
?,9-27-2016 10:17:07,-77,-200,-200,-200,,,,-200,-200,-200,-200,-200,-200
?,9-27-2016 10:17:08,-72,-200,-200,-200,,,,-200,-200,-200,-200,-200,-200
